fuel	period	month	price
CA_Natural_Gas	2020	1	5.68026608429901
CA_Natural_Gas	2020	2	5.7577960832412
CA_Natural_Gas	2020	3	5.33506894499015
CA_Natural_Gas	2020	4	5.32817356378742
CA_Natural_Gas	2020	5	5.50876792012307
CA_Natural_Gas	2020	6	5.29812627488086
CA_Natural_Gas	2020	7	5.31551893320216
CA_Natural_Gas	2020	8	5.32485929189424
CA_Natural_Gas	2020	9	4.99742335825694
CA_Natural_Gas	2020	10	5.01205625562509
CA_Natural_Gas	2020	11	4.9369619353041
CA_Natural_Gas	2020	12	5.24806874522534
CA_Natural_Gas	2022	1	5.77626803197528
CA_Natural_Gas	2022	2	5.85398626063354
CA_Natural_Gas	2022	3	5.43023281243416
CA_Natural_Gas	2022	4	5.42332069041287
CA_Natural_Gas	2022	5	5.60435349928148
CA_Natural_Gas	2022	6	5.39320045177412
CA_Natural_Gas	2022	7	5.41063533652625
CA_Natural_Gas	2022	8	5.41999837202844
CA_Natural_Gas	2022	9	5.09176747936031
CA_Natural_Gas	2022	10	5.10643590292676
CA_Natural_Gas	2022	11	5.03115926630518
CA_Natural_Gas	2022	12	5.34302139090845
CA_Natural_Gas	2026	1	6.00708648211174
CA_Natural_Gas	2026	2	6.08531041079436
CA_Natural_Gas	2026	3	5.65879966700589
CA_Natural_Gas	2026	4	5.6518425689174
CA_Natural_Gas	2026	5	5.83405332918085
CA_Natural_Gas	2026	6	5.62152634272623
CA_Natural_Gas	2026	7	5.63907467347161
CA_Natural_Gas	2026	8	5.64849863274115
CA_Natural_Gas	2026	9	5.31813199440204
CA_Natural_Gas	2026	10	5.33289586304338
CA_Natural_Gas	2026	11	5.25712941344446
CA_Natural_Gas	2026	12	5.57102077477542
CA_Natural_Gas	2030	1	6.2752151841878
CA_Natural_Gas	2030	2	6.35377972248211
CA_Natural_Gas	2030	3	5.9254118275473
CA_Natural_Gas	2030	4	5.9184244362414
CA_Natural_Gas	2030	5	6.10142859485935
CA_Natural_Gas	2030	6	5.88797620443245
CA_Natural_Gas	2030	7	5.90560094568573
CA_Natural_Gas	2030	8	5.91506593959981
CA_Natural_Gas	2030	9	5.58326078935908
CA_Natural_Gas	2030	10	5.59808894415493
CA_Natural_Gas	2030	11	5.52199258551907
CA_Natural_Gas	2030	12	5.83725072063009
CA_Natural_Gas	2035	1	6.74236660842789
CA_Natural_Gas	2035	2	6.82220843246697
CA_Natural_Gas	2035	3	6.38687622236404
CA_Natural_Gas	2035	4	6.37977523151945
CA_Natural_Gas	2035	5	6.56575463327014
CA_Natural_Gas	2035	6	6.34883197875973
CA_Natural_Gas	2035	7	6.36674325935057
CA_Natural_Gas	2035	8	6.37636213314561
CA_Natural_Gas	2035	9	6.03916256453692
CA_Natural_Gas	2035	10	6.0542317923557
CA_Natural_Gas	2035	11	5.976898275121
CA_Natural_Gas	2035	12	6.29728181070714
CA_Natural_Gas	2040	1	7.32137636151398
CA_Natural_Gas	2040	2	7.40249547129783
CA_Natural_Gas	2040	3	6.96019894602679
CA_Natural_Gas	2040	4	6.9529843556435
CA_Natural_Gas	2040	5	7.14193900052693
CA_Natural_Gas	2040	6	6.92154608193301
CA_Natural_Gas	2040	7	6.9397439018614
CA_Natural_Gas	2040	8	6.94951665553741
CA_Natural_Gas	2040	9	6.60692266856076
CA_Natural_Gas	2040	10	6.62223296940248
CA_Natural_Gas	2040	11	6.54366229356894
CA_Natural_Gas	2040	12	6.8691712296302
CA_Natural_Gas	2045	1	8.04458552376671
CA_Natural_Gas	2045	2	8.12698191929533
CA_Natural_Gas	2045	3	7.67772107885618
CA_Natural_Gas	2045	4	7.67039288893419
CA_Natural_Gas	2045	5	7.86232277695036
CA_Natural_Gas	2045	6	7.63845959427294
CA_Natural_Gas	2045	7	7.65694395353888
CA_Natural_Gas	2045	8	7.66687058709585
CA_Natural_Gas	2045	9	7.31888218175125
CA_Natural_Gas	2045	10	7.3344335556159
CA_Natural_Gas	2045	11	7.25462572118352
CA_Natural_Gas	2045	12	7.5852600577199
NW_Natural_Gas	2020	1	4.93466863906069
NW_Natural_Gas	2020	2	5.01319460622599
NW_Natural_Gas	2020	3	4.58503701779454
NW_Natural_Gas	2020	4	4.57805305693675
NW_Natural_Gas	2020	5	4.76096736996834
NW_Natural_Gas	2020	6	4.54761977363641
NW_Natural_Gas	2020	7	4.56523586205238
NW_Natural_Gas	2020	8	4.57469620914348
NW_Natural_Gas	2020	9	4.2430539580877
NW_Natural_Gas	2020	10	4.25787483302569
NW_Natural_Gas	2020	11	4.18181583377015
NW_Natural_Gas	2020	12	4.49691919342569
NW_Natural_Gas	2022	1	4.94480855703616
NW_Natural_Gas	2022	2	5.02349588191851
NW_Natural_Gas	2022	3	4.59445850131765
NW_Natural_Gas	2022	4	4.58746018958943
NW_Natural_Gas	2022	5	4.77075036091391
NW_Natural_Gas	2022	6	4.55696437098653
NW_Natural_Gas	2022	7	4.57461665751521
NW_Natural_Gas	2022	8	4.58409644403589
NW_Natural_Gas	2022	9	4.25177272367207
NW_Natural_Gas	2022	10	4.266624053027
NW_Natural_Gas	2022	11	4.19040876526049
NW_Natural_Gas	2022	12	4.5061596095709
NW_Natural_Gas	2026	1	4.97609822055986
NW_Natural_Gas	2026	2	5.05528346156793
NW_Natural_Gas	2026	3	4.62353122656508
NW_Natural_Gas	2026	4	4.61648863105586
NW_Natural_Gas	2026	5	4.80093862236564
NW_Natural_Gas	2026	6	4.58579984160445
NW_Natural_Gas	2026	7	4.60356382792889
NW_Natural_Gas	2026	8	4.61310360045856
NW_Natural_Gas	2026	9	4.27867700851312
NW_Natural_Gas	2026	10	4.29362231382142
NW_Natural_Gas	2026	11	4.21692475243762
NW_Natural_Gas	2026	12	4.53467359880653
NW_Natural_Gas	2030	1	5.00323397366844
NW_Natural_Gas	2030	2	5.08285102913326
NW_Natural_Gas	2030	3	4.64874435466121
NW_Natural_Gas	2030	4	4.6416633543367
NW_Natural_Gas	2030	5	4.82711919183425
NW_Natural_Gas	2030	6	4.61080721219713
NW_Natural_Gas	2030	7	4.62866806942841
NW_Natural_Gas	2030	8	4.6382598644264
NW_Natural_Gas	2030	9	4.30200957105271
NW_Natural_Gas	2030	10	4.31703637638312
NW_Natural_Gas	2030	11	4.23992056640424
NW_Natural_Gas	2030	12	4.55940216680319
NW_Natural_Gas	2035	1	5.02414701977071
NW_Natural_Gas	2035	2	5.10409686701785
NW_Natural_Gas	2035	3	4.66817566759168
NW_Natural_Gas	2035	4	4.6610650693537
NW_Natural_Gas	2035	5	4.8472960947597
NW_Natural_Gas	2035	6	4.63007995145036
NW_Natural_Gas	2035	7	4.64801546538022
NW_Natural_Gas	2035	8	4.6576473531766
NW_Natural_Gas	2035	9	4.31999156529191
NW_Natural_Gas	2035	10	4.33508118125126
NW_Natural_Gas	2035	11	4.25764303446027
NW_Natural_Gas	2035	12	4.57846003781522
NW_Natural_Gas	2040	1	5.04506006587299
NW_Natural_Gas	2040	2	5.12534270490245
NW_Natural_Gas	2040	3	4.68760698052215
NW_Natural_Gas	2040	4	4.68046678437071
NW_Natural_Gas	2040	5	4.86747299768515
NW_Natural_Gas	2040	6	4.64935269070358
NW_Natural_Gas	2040	7	4.66736286133202
NW_Natural_Gas	2040	8	4.6770348419268
NW_Natural_Gas	2040	9	4.3379735595311
NW_Natural_Gas	2040	10	4.3531259861194
NW_Natural_Gas	2040	11	4.27536550251631
NW_Natural_Gas	2040	12	4.59751790882725
NW_Natural_Gas	2045	1	5.06597311197527
NW_Natural_Gas	2045	2	5.14658854278705
NW_Natural_Gas	2045	3	4.70703829345263
NW_Natural_Gas	2045	4	4.69986849938771
NW_Natural_Gas	2045	5	4.88764990061059
NW_Natural_Gas	2045	6	4.66862542995681
NW_Natural_Gas	2045	7	4.68671025728383
NW_Natural_Gas	2045	8	4.69642233067699
NW_Natural_Gas	2045	9	4.3559555537703
NW_Natural_Gas	2045	10	4.37117079098754
NW_Natural_Gas	2045	11	4.29308797057234
NW_Natural_Gas	2045	12	4.61657577983928
SW_Natural_Gas	2020	1	3.50735857223981
SW_Natural_Gas	2020	2	3.56317158507324
SW_Natural_Gas	2020	3	3.25885486233167
SW_Natural_Gas	2020	4	3.25389095152541
SW_Natural_Gas	2020	5	3.38389888736095
SW_Natural_Gas	2020	6	3.23226023123348
SW_Natural_Gas	2020	7	3.24478101899743
SW_Natural_Gas	2020	8	3.25150504281611
SW_Natural_Gas	2020	9	3.01578743394769
SW_Natural_Gas	2020	10	3.02632149946738
SW_Natural_Gas	2020	11	2.97226190549114
SW_Natural_Gas	2020	12	3.19622435372552
SW_Natural_Gas	2022	1	3.53361418142588
SW_Natural_Gas	2022	2	3.58984500288146
SW_Natural_Gas	2022	3	3.28325020654789
SW_Natural_Gas	2022	4	3.27824913658054
SW_Natural_Gas	2022	5	3.40923029413953
SW_Natural_Gas	2022	6	3.25645649165882
SW_Natural_Gas	2022	7	3.26907100833683
SW_Natural_Gas	2022	8	3.27584536728319
SW_Natural_Gas	2022	9	3.03836320845808
SW_Natural_Gas	2022	10	3.04897613055937
SW_Natural_Gas	2022	11	2.99451185381604
SW_Natural_Gas	2022	12	3.22015085447358
SW_Natural_Gas	2026	1	3.56533067165535
SW_Natural_Gas	2026	2	3.62206620138063
SW_Natural_Gas	2026	3	3.31271951693391
SW_Natural_Gas	2026	4	3.30767355910427
SW_Natural_Gas	2026	5	3.43983035791628
SW_Natural_Gas	2026	6	3.28568531099152
SW_Natural_Gas	2026	7	3.29841305117794
SW_Natural_Gas	2026	8	3.30524821441088
SW_Natural_Gas	2026	9	3.06563449843682
SW_Natural_Gas	2026	10	3.07634267843069
SW_Natural_Gas	2026	11	3.02138954930776
SW_Natural_Gas	2026	12	3.24905380705119
SW_Natural_Gas	2030	1	3.60453140474016
SW_Natural_Gas	2030	2	3.66189074037912
SW_Natural_Gas	2030	3	3.34914279587423
SW_Natural_Gas	2030	4	3.34404135784815
SW_Natural_Gas	2030	5	3.47765121778483
SW_Natural_Gas	2030	6	3.32181134942629
SW_Natural_Gas	2030	7	3.33467903083886
SW_Natural_Gas	2030	8	3.34158934654267
SW_Natural_Gas	2030	9	3.09934108298007
SW_Natural_Gas	2030	10	3.11016699917976
SW_Natural_Gas	2030	11	3.05460966159896
SW_Natural_Gas	2030	12	3.28477708289793
SW_Natural_Gas	2035	1	3.79744186393373
SW_Natural_Gas	2035	2	3.85787100658355
SW_Natural_Gas	2035	3	3.52838514449333
SW_Natural_Gas	2035	4	3.5230106832524
SW_Natural_Gas	2035	5	3.66377119234122
SW_Natural_Gas	2035	6	3.49959094982858
SW_Natural_Gas	2035	7	3.51314729505105
SW_Natural_Gas	2035	8	3.52042744306478
SW_Natural_Gas	2035	9	3.2652143254018
SW_Natural_Gas	2035	10	3.27661963243785
SW_Natural_Gas	2035	11	3.21808892875176
SW_Natural_Gas	2035	12	3.46057465108587
SW_Natural_Gas	2040	1	3.9903523231273
SW_Natural_Gas	2040	2	4.05385127278799
SW_Natural_Gas	2040	3	3.70762749311243
SW_Natural_Gas	2040	4	3.70198000865665
SW_Natural_Gas	2040	5	3.84989116689762
SW_Natural_Gas	2040	6	3.67737055023088
SW_Natural_Gas	2040	7	3.69161555926323
SW_Natural_Gas	2040	8	3.69926553958689
SW_Natural_Gas	2040	9	3.43108756782352
SW_Natural_Gas	2040	10	3.44307226569593
SW_Natural_Gas	2040	11	3.38156819590456
SW_Natural_Gas	2040	12	3.6363722192738
SW_Natural_Gas	2045	1	4.18326278232087
SW_Natural_Gas	2045	2	4.24983153899242
SW_Natural_Gas	2045	3	3.88686984173154
SW_Natural_Gas	2045	4	3.8809493340609
SW_Natural_Gas	2045	5	4.03601114145401
SW_Natural_Gas	2045	6	3.85515015063318
SW_Natural_Gas	2045	7	3.87008382347542
SW_Natural_Gas	2045	8	3.878103636109
SW_Natural_Gas	2045	9	3.59696081024525
SW_Natural_Gas	2045	10	3.60952489895401
SW_Natural_Gas	2045	11	3.54504746305736
SW_Natural_Gas	2045	12	3.81216978746174
CA_Coal	2020	1	3.4333852790527
CA_Coal	2020	2	3.4333852790527
CA_Coal	2020	3	3.4333852790527
CA_Coal	2020	4	3.4333852790527
CA_Coal	2020	5	3.4333852790527
CA_Coal	2020	6	3.4333852790527
CA_Coal	2020	7	3.4333852790527
CA_Coal	2020	8	3.4333852790527
CA_Coal	2020	9	3.4333852790527
CA_Coal	2020	10	3.4333852790527
CA_Coal	2020	11	3.4333852790527
CA_Coal	2020	12	3.4333852790527
CA_Coal	2022	1	3.58267388004794
CA_Coal	2022	2	3.58267388004794
CA_Coal	2022	3	3.58267388004794
CA_Coal	2022	4	3.58267388004794
CA_Coal	2022	5	3.58267388004794
CA_Coal	2022	6	3.58267388004794
CA_Coal	2022	7	3.58267388004794
CA_Coal	2022	8	3.58267388004794
CA_Coal	2022	9	3.58267388004794
CA_Coal	2022	10	3.58267388004794
CA_Coal	2022	11	3.58267388004794
CA_Coal	2022	12	3.58267388004794
CA_Coal	2026	1	3.93568757554297
CA_Coal	2026	2	3.93568757554297
CA_Coal	2026	3	3.93568757554297
CA_Coal	2026	4	3.93568757554297
CA_Coal	2026	5	3.93568757554297
CA_Coal	2026	6	3.93568757554297
CA_Coal	2026	7	3.93568757554297
CA_Coal	2026	8	3.93568757554297
CA_Coal	2026	9	3.93568757554297
CA_Coal	2026	10	3.93568757554297
CA_Coal	2026	11	3.93568757554297
CA_Coal	2026	12	3.93568757554297
CA_Coal	2030	1	4.37327420100851
CA_Coal	2030	2	4.37327420100851
CA_Coal	2030	3	4.37327420100851
CA_Coal	2030	4	4.37327420100851
CA_Coal	2030	5	4.37327420100851
CA_Coal	2030	6	4.37327420100851
CA_Coal	2030	7	4.37327420100851
CA_Coal	2030	8	4.37327420100851
CA_Coal	2030	9	4.37327420100851
CA_Coal	2030	10	4.37327420100851
CA_Coal	2030	11	4.37327420100851
CA_Coal	2030	12	4.37327420100851
CA_Coal	2035	1	5.05944797411566
CA_Coal	2035	2	5.05944797411566
CA_Coal	2035	3	5.05944797411566
CA_Coal	2035	4	5.05944797411566
CA_Coal	2035	5	5.05944797411566
CA_Coal	2035	6	5.05944797411566
CA_Coal	2035	7	5.05944797411566
CA_Coal	2035	8	5.05944797411566
CA_Coal	2035	9	5.05944797411566
CA_Coal	2035	10	5.05944797411566
CA_Coal	2035	11	5.05944797411566
CA_Coal	2035	12	5.05944797411566
CA_Coal	2040	1	5.94401199083647
CA_Coal	2040	2	5.94401199083647
CA_Coal	2040	3	5.94401199083647
CA_Coal	2040	4	5.94401199083647
CA_Coal	2040	5	5.94401199083647
CA_Coal	2040	6	5.94401199083647
CA_Coal	2040	7	5.94401199083647
CA_Coal	2040	8	5.94401199083647
CA_Coal	2040	9	5.94401199083647
CA_Coal	2040	10	5.94401199083647
CA_Coal	2040	11	5.94401199083647
CA_Coal	2040	12	5.94401199083647
CA_Coal	2045	1	7.08432590306039
CA_Coal	2045	2	7.08432590306039
CA_Coal	2045	3	7.08432590306039
CA_Coal	2045	4	7.08432590306039
CA_Coal	2045	5	7.08432590306039
CA_Coal	2045	6	7.08432590306039
CA_Coal	2045	7	7.08432590306039
CA_Coal	2045	8	7.08432590306039
CA_Coal	2045	9	7.08432590306039
CA_Coal	2045	10	7.08432590306039
CA_Coal	2045	11	7.08432590306039
CA_Coal	2045	12	7.08432590306039
Coal	2020	1	2
Coal	2020	2	2
Coal	2020	3	2
Coal	2020	4	2
Coal	2020	5	2
Coal	2020	6	2
Coal	2020	7	2
Coal	2020	8	2
Coal	2020	9	2
Coal	2020	10	2
Coal	2020	11	2
Coal	2020	12	2
Coal	2022	1	2
Coal	2022	2	2
Coal	2022	3	2
Coal	2022	4	2
Coal	2022	5	2
Coal	2022	6	2
Coal	2022	7	2
Coal	2022	8	2
Coal	2022	9	2
Coal	2022	10	2
Coal	2022	11	2
Coal	2022	12	2
Coal	2026	1	2
Coal	2026	2	2
Coal	2026	3	2
Coal	2026	4	2
Coal	2026	5	2
Coal	2026	6	2
Coal	2026	7	2
Coal	2026	8	2
Coal	2026	9	2
Coal	2026	10	2
Coal	2026	11	2
Coal	2026	12	2
Coal	2030	1	2
Coal	2030	2	2
Coal	2030	3	2
Coal	2030	4	2
Coal	2030	5	2
Coal	2030	6	2
Coal	2030	7	2
Coal	2030	8	2
Coal	2030	9	2
Coal	2030	10	2
Coal	2030	11	2
Coal	2030	12	2
Coal	2035	1	2
Coal	2035	2	2
Coal	2035	3	2
Coal	2035	4	2
Coal	2035	5	2
Coal	2035	6	2
Coal	2035	7	2
Coal	2035	8	2
Coal	2035	9	2
Coal	2035	10	2
Coal	2035	11	2
Coal	2035	12	2
Coal	2040	1	2
Coal	2040	2	2
Coal	2040	3	2
Coal	2040	4	2
Coal	2040	5	2
Coal	2040	6	2
Coal	2040	7	2
Coal	2040	8	2
Coal	2040	9	2
Coal	2040	10	2
Coal	2040	11	2
Coal	2040	12	2
Coal	2045	1	2
Coal	2045	2	2
Coal	2045	3	2
Coal	2045	4	2
Coal	2045	5	2
Coal	2045	6	2
Coal	2045	7	2
Coal	2045	8	2
Coal	2045	9	2
Coal	2045	10	2
Coal	2045	11	2
Coal	2045	12	2
Uranium	2020	1	0.7
Uranium	2020	2	0.7
Uranium	2020	3	0.7
Uranium	2020	4	0.7
Uranium	2020	5	0.7
Uranium	2020	6	0.7
Uranium	2020	7	0.7
Uranium	2020	8	0.7
Uranium	2020	9	0.7
Uranium	2020	10	0.7
Uranium	2020	11	0.7
Uranium	2020	12	0.7
Uranium	2022	1	0.7
Uranium	2022	2	0.7
Uranium	2022	3	0.7
Uranium	2022	4	0.7
Uranium	2022	5	0.7
Uranium	2022	6	0.7
Uranium	2022	7	0.7
Uranium	2022	8	0.7
Uranium	2022	9	0.7
Uranium	2022	10	0.7
Uranium	2022	11	0.7
Uranium	2022	12	0.7
Uranium	2026	1	0.7
Uranium	2026	2	0.7
Uranium	2026	3	0.7
Uranium	2026	4	0.7
Uranium	2026	5	0.7
Uranium	2026	6	0.7
Uranium	2026	7	0.7
Uranium	2026	8	0.7
Uranium	2026	9	0.7
Uranium	2026	10	0.7
Uranium	2026	11	0.7
Uranium	2026	12	0.7
Uranium	2030	1	0.7
Uranium	2030	2	0.7
Uranium	2030	3	0.7
Uranium	2030	4	0.7
Uranium	2030	5	0.7
Uranium	2030	6	0.7
Uranium	2030	7	0.7
Uranium	2030	8	0.7
Uranium	2030	9	0.7
Uranium	2030	10	0.7
Uranium	2030	11	0.7
Uranium	2030	12	0.7
Uranium	2035	1	0.7
Uranium	2035	2	0.7
Uranium	2035	3	0.7
Uranium	2035	4	0.7
Uranium	2035	5	0.7
Uranium	2035	6	0.7
Uranium	2035	7	0.7
Uranium	2035	8	0.7
Uranium	2035	9	0.7
Uranium	2035	10	0.7
Uranium	2035	11	0.7
Uranium	2035	12	0.7
Uranium	2040	1	0.7
Uranium	2040	2	0.7
Uranium	2040	3	0.7
Uranium	2040	4	0.7
Uranium	2040	5	0.7
Uranium	2040	6	0.7
Uranium	2040	7	0.7
Uranium	2040	8	0.7
Uranium	2040	9	0.7
Uranium	2040	10	0.7
Uranium	2040	11	0.7
Uranium	2040	12	0.7
Uranium	2045	1	0.7
Uranium	2045	2	0.7
Uranium	2045	3	0.7
Uranium	2045	4	0.7
Uranium	2045	5	0.7
Uranium	2045	6	0.7
Uranium	2045	7	0.7
Uranium	2045	8	0.7
Uranium	2045	9	0.7
Uranium	2045	10	0.7
Uranium	2045	11	0.7
Uranium	2045	12	0.7
Conventional_DR	2020	1	0
Conventional_DR	2020	2	0
Conventional_DR	2020	3	0
Conventional_DR	2020	4	0
Conventional_DR	2020	5	0
Conventional_DR	2020	6	0
Conventional_DR	2020	7	0
Conventional_DR	2020	8	0
Conventional_DR	2020	9	0
Conventional_DR	2020	10	0
Conventional_DR	2020	11	0
Conventional_DR	2020	12	0
Conventional_DR	2022	1	0
Conventional_DR	2022	2	0
Conventional_DR	2022	3	0
Conventional_DR	2022	4	0
Conventional_DR	2022	5	0
Conventional_DR	2022	6	0
Conventional_DR	2022	7	0
Conventional_DR	2022	8	0
Conventional_DR	2022	9	0
Conventional_DR	2022	10	0
Conventional_DR	2022	11	0
Conventional_DR	2022	12	0
Conventional_DR	2026	1	0
Conventional_DR	2026	2	0
Conventional_DR	2026	3	0
Conventional_DR	2026	4	0
Conventional_DR	2026	5	0
Conventional_DR	2026	6	0
Conventional_DR	2026	7	0
Conventional_DR	2026	8	0
Conventional_DR	2026	9	0
Conventional_DR	2026	10	0
Conventional_DR	2026	11	0
Conventional_DR	2026	12	0
Conventional_DR	2030	1	0
Conventional_DR	2030	2	0
Conventional_DR	2030	3	0
Conventional_DR	2030	4	0
Conventional_DR	2030	5	0
Conventional_DR	2030	6	0
Conventional_DR	2030	7	0
Conventional_DR	2030	8	0
Conventional_DR	2030	9	0
Conventional_DR	2030	10	0
Conventional_DR	2030	11	0
Conventional_DR	2030	12	0
Conventional_DR	2035	1	0
Conventional_DR	2035	2	0
Conventional_DR	2035	3	0
Conventional_DR	2035	4	0
Conventional_DR	2035	5	0
Conventional_DR	2035	6	0
Conventional_DR	2035	7	0
Conventional_DR	2035	8	0
Conventional_DR	2035	9	0
Conventional_DR	2035	10	0
Conventional_DR	2035	11	0
Conventional_DR	2035	12	0
Conventional_DR	2040	1	0
Conventional_DR	2040	2	0
Conventional_DR	2040	3	0
Conventional_DR	2040	4	0
Conventional_DR	2040	5	0
Conventional_DR	2040	6	0
Conventional_DR	2040	7	0
Conventional_DR	2040	8	0
Conventional_DR	2040	9	0
Conventional_DR	2040	10	0
Conventional_DR	2040	11	0
Conventional_DR	2040	12	0
Conventional_DR	2045	1	0
Conventional_DR	2045	2	0
Conventional_DR	2045	3	0
Conventional_DR	2045	4	0
Conventional_DR	2045	5	0
Conventional_DR	2045	6	0
Conventional_DR	2045	7	0
Conventional_DR	2045	8	0
Conventional_DR	2045	9	0
Conventional_DR	2045	10	0
Conventional_DR	2045	11	0
Conventional_DR	2045	12	0
