timepoint_id	period_id	month	day_id	hour_of_day
20200101	2020	1	1	0
20200102	2020	1	1	1
20200103	2020	1	1	2
20200104	2020	1	1	3
20200105	2020	1	1	4
20200106	2020	1	1	5
20200107	2020	1	1	6
20200108	2020	1	1	7
20200109	2020	1	1	8
20200110	2020	1	1	9
20200111	2020	1	1	10
20200112	2020	1	1	11
20200113	2020	1	1	12
20200114	2020	1	1	13
20200115	2020	1	1	14
20200116	2020	1	1	15
20200117	2020	1	1	16
20200118	2020	1	1	17
20200119	2020	1	1	18
20200120	2020	1	1	19
20200121	2020	1	1	20
20200122	2020	1	1	21
20200123	2020	1	1	22
20200124	2020	1	1	23
20200201	2020	1	2	0
20200202	2020	1	2	1
20200203	2020	1	2	2
20200204	2020	1	2	3
20200205	2020	1	2	4
20200206	2020	1	2	5
20200207	2020	1	2	6
20200208	2020	1	2	7
20200209	2020	1	2	8
20200210	2020	1	2	9
20200211	2020	1	2	10
20200212	2020	1	2	11
20200213	2020	1	2	12
20200214	2020	1	2	13
20200215	2020	1	2	14
20200216	2020	1	2	15
20200217	2020	1	2	16
20200218	2020	1	2	17
20200219	2020	1	2	18
20200220	2020	1	2	19
20200221	2020	1	2	20
20200222	2020	1	2	21
20200223	2020	1	2	22
20200224	2020	1	2	23
20200301	2020	2	3	0
20200302	2020	2	3	1
20200303	2020	2	3	2
20200304	2020	2	3	3
20200305	2020	2	3	4
20200306	2020	2	3	5
20200307	2020	2	3	6
20200308	2020	2	3	7
20200309	2020	2	3	8
20200310	2020	2	3	9
20200311	2020	2	3	10
20200312	2020	2	3	11
20200313	2020	2	3	12
20200314	2020	2	3	13
20200315	2020	2	3	14
20200316	2020	2	3	15
20200317	2020	2	3	16
20200318	2020	2	3	17
20200319	2020	2	3	18
20200320	2020	2	3	19
20200321	2020	2	3	20
20200322	2020	2	3	21
20200323	2020	2	3	22
20200324	2020	2	3	23
20200401	2020	3	4	0
20200402	2020	3	4	1
20200403	2020	3	4	2
20200404	2020	3	4	3
20200405	2020	3	4	4
20200406	2020	3	4	5
20200407	2020	3	4	6
20200408	2020	3	4	7
20200409	2020	3	4	8
20200410	2020	3	4	9
20200411	2020	3	4	10
20200412	2020	3	4	11
20200413	2020	3	4	12
20200414	2020	3	4	13
20200415	2020	3	4	14
20200416	2020	3	4	15
20200417	2020	3	4	16
20200418	2020	3	4	17
20200419	2020	3	4	18
20200420	2020	3	4	19
20200421	2020	3	4	20
20200422	2020	3	4	21
20200423	2020	3	4	22
20200424	2020	3	4	23
20200501	2020	3	5	0
20200502	2020	3	5	1
20200503	2020	3	5	2
20200504	2020	3	5	3
20200505	2020	3	5	4
20200506	2020	3	5	5
20200507	2020	3	5	6
20200508	2020	3	5	7
20200509	2020	3	5	8
20200510	2020	3	5	9
20200511	2020	3	5	10
20200512	2020	3	5	11
20200513	2020	3	5	12
20200514	2020	3	5	13
20200515	2020	3	5	14
20200516	2020	3	5	15
20200517	2020	3	5	16
20200518	2020	3	5	17
20200519	2020	3	5	18
20200520	2020	3	5	19
20200521	2020	3	5	20
20200522	2020	3	5	21
20200523	2020	3	5	22
20200524	2020	3	5	23
20200601	2020	4	6	0
20200602	2020	4	6	1
20200603	2020	4	6	2
20200604	2020	4	6	3
20200605	2020	4	6	4
20200606	2020	4	6	5
20200607	2020	4	6	6
20200608	2020	4	6	7
20200609	2020	4	6	8
20200610	2020	4	6	9
20200611	2020	4	6	10
20200612	2020	4	6	11
20200613	2020	4	6	12
20200614	2020	4	6	13
20200615	2020	4	6	14
20200616	2020	4	6	15
20200617	2020	4	6	16
20200618	2020	4	6	17
20200619	2020	4	6	18
20200620	2020	4	6	19
20200621	2020	4	6	20
20200622	2020	4	6	21
20200623	2020	4	6	22
20200624	2020	4	6	23
20200701	2020	4	7	0
20200702	2020	4	7	1
20200703	2020	4	7	2
20200704	2020	4	7	3
20200705	2020	4	7	4
20200706	2020	4	7	5
20200707	2020	4	7	6
20200708	2020	4	7	7
20200709	2020	4	7	8
20200710	2020	4	7	9
20200711	2020	4	7	10
20200712	2020	4	7	11
20200713	2020	4	7	12
20200714	2020	4	7	13
20200715	2020	4	7	14
20200716	2020	4	7	15
20200717	2020	4	7	16
20200718	2020	4	7	17
20200719	2020	4	7	18
20200720	2020	4	7	19
20200721	2020	4	7	20
20200722	2020	4	7	21
20200723	2020	4	7	22
20200724	2020	4	7	23
20200801	2020	4	8	0
20200802	2020	4	8	1
20200803	2020	4	8	2
20200804	2020	4	8	3
20200805	2020	4	8	4
20200806	2020	4	8	5
20200807	2020	4	8	6
20200808	2020	4	8	7
20200809	2020	4	8	8
20200810	2020	4	8	9
20200811	2020	4	8	10
20200812	2020	4	8	11
20200813	2020	4	8	12
20200814	2020	4	8	13
20200815	2020	4	8	14
20200816	2020	4	8	15
20200817	2020	4	8	16
20200818	2020	4	8	17
20200819	2020	4	8	18
20200820	2020	4	8	19
20200821	2020	4	8	20
20200822	2020	4	8	21
20200823	2020	4	8	22
20200824	2020	4	8	23
20200901	2020	5	9	0
20200902	2020	5	9	1
20200903	2020	5	9	2
20200904	2020	5	9	3
20200905	2020	5	9	4
20200906	2020	5	9	5
20200907	2020	5	9	6
20200908	2020	5	9	7
20200909	2020	5	9	8
20200910	2020	5	9	9
20200911	2020	5	9	10
20200912	2020	5	9	11
20200913	2020	5	9	12
20200914	2020	5	9	13
20200915	2020	5	9	14
20200916	2020	5	9	15
20200917	2020	5	9	16
20200918	2020	5	9	17
20200919	2020	5	9	18
20200920	2020	5	9	19
20200921	2020	5	9	20
20200922	2020	5	9	21
20200923	2020	5	9	22
20200924	2020	5	9	23
20201001	2020	5	10	0
20201002	2020	5	10	1
20201003	2020	5	10	2
20201004	2020	5	10	3
20201005	2020	5	10	4
20201006	2020	5	10	5
20201007	2020	5	10	6
20201008	2020	5	10	7
20201009	2020	5	10	8
20201010	2020	5	10	9
20201011	2020	5	10	10
20201012	2020	5	10	11
20201013	2020	5	10	12
20201014	2020	5	10	13
20201015	2020	5	10	14
20201016	2020	5	10	15
20201017	2020	5	10	16
20201018	2020	5	10	17
20201019	2020	5	10	18
20201020	2020	5	10	19
20201021	2020	5	10	20
20201022	2020	5	10	21
20201023	2020	5	10	22
20201024	2020	5	10	23
20201101	2020	6	11	0
20201102	2020	6	11	1
20201103	2020	6	11	2
20201104	2020	6	11	3
20201105	2020	6	11	4
20201106	2020	6	11	5
20201107	2020	6	11	6
20201108	2020	6	11	7
20201109	2020	6	11	8
20201110	2020	6	11	9
20201111	2020	6	11	10
20201112	2020	6	11	11
20201113	2020	6	11	12
20201114	2020	6	11	13
20201115	2020	6	11	14
20201116	2020	6	11	15
20201117	2020	6	11	16
20201118	2020	6	11	17
20201119	2020	6	11	18
20201120	2020	6	11	19
20201121	2020	6	11	20
20201122	2020	6	11	21
20201123	2020	6	11	22
20201124	2020	6	11	23
20201201	2020	6	12	0
20201202	2020	6	12	1
20201203	2020	6	12	2
20201204	2020	6	12	3
20201205	2020	6	12	4
20201206	2020	6	12	5
20201207	2020	6	12	6
20201208	2020	6	12	7
20201209	2020	6	12	8
20201210	2020	6	12	9
20201211	2020	6	12	10
20201212	2020	6	12	11
20201213	2020	6	12	12
20201214	2020	6	12	13
20201215	2020	6	12	14
20201216	2020	6	12	15
20201217	2020	6	12	16
20201218	2020	6	12	17
20201219	2020	6	12	18
20201220	2020	6	12	19
20201221	2020	6	12	20
20201222	2020	6	12	21
20201223	2020	6	12	22
20201224	2020	6	12	23
20201301	2020	7	13	0
20201302	2020	7	13	1
20201303	2020	7	13	2
20201304	2020	7	13	3
20201305	2020	7	13	4
20201306	2020	7	13	5
20201307	2020	7	13	6
20201308	2020	7	13	7
20201309	2020	7	13	8
20201310	2020	7	13	9
20201311	2020	7	13	10
20201312	2020	7	13	11
20201313	2020	7	13	12
20201314	2020	7	13	13
20201315	2020	7	13	14
20201316	2020	7	13	15
20201317	2020	7	13	16
20201318	2020	7	13	17
20201319	2020	7	13	18
20201320	2020	7	13	19
20201321	2020	7	13	20
20201322	2020	7	13	21
20201323	2020	7	13	22
20201324	2020	7	13	23
20201401	2020	8	14	0
20201402	2020	8	14	1
20201403	2020	8	14	2
20201404	2020	8	14	3
20201405	2020	8	14	4
20201406	2020	8	14	5
20201407	2020	8	14	6
20201408	2020	8	14	7
20201409	2020	8	14	8
20201410	2020	8	14	9
20201411	2020	8	14	10
20201412	2020	8	14	11
20201413	2020	8	14	12
20201414	2020	8	14	13
20201415	2020	8	14	14
20201416	2020	8	14	15
20201417	2020	8	14	16
20201418	2020	8	14	17
20201419	2020	8	14	18
20201420	2020	8	14	19
20201421	2020	8	14	20
20201422	2020	8	14	21
20201423	2020	8	14	22
20201424	2020	8	14	23
20201501	2020	9	15	0
20201502	2020	9	15	1
20201503	2020	9	15	2
20201504	2020	9	15	3
20201505	2020	9	15	4
20201506	2020	9	15	5
20201507	2020	9	15	6
20201508	2020	9	15	7
20201509	2020	9	15	8
20201510	2020	9	15	9
20201511	2020	9	15	10
20201512	2020	9	15	11
20201513	2020	9	15	12
20201514	2020	9	15	13
20201515	2020	9	15	14
20201516	2020	9	15	15
20201517	2020	9	15	16
20201518	2020	9	15	17
20201519	2020	9	15	18
20201520	2020	9	15	19
20201521	2020	9	15	20
20201522	2020	9	15	21
20201523	2020	9	15	22
20201524	2020	9	15	23
20201601	2020	9	16	0
20201602	2020	9	16	1
20201603	2020	9	16	2
20201604	2020	9	16	3
20201605	2020	9	16	4
20201606	2020	9	16	5
20201607	2020	9	16	6
20201608	2020	9	16	7
20201609	2020	9	16	8
20201610	2020	9	16	9
20201611	2020	9	16	10
20201612	2020	9	16	11
20201613	2020	9	16	12
20201614	2020	9	16	13
20201615	2020	9	16	14
20201616	2020	9	16	15
20201617	2020	9	16	16
20201618	2020	9	16	17
20201619	2020	9	16	18
20201620	2020	9	16	19
20201621	2020	9	16	20
20201622	2020	9	16	21
20201623	2020	9	16	22
20201624	2020	9	16	23
20201701	2020	11	17	0
20201702	2020	11	17	1
20201703	2020	11	17	2
20201704	2020	11	17	3
20201705	2020	11	17	4
20201706	2020	11	17	5
20201707	2020	11	17	6
20201708	2020	11	17	7
20201709	2020	11	17	8
20201710	2020	11	17	9
20201711	2020	11	17	10
20201712	2020	11	17	11
20201713	2020	11	17	12
20201714	2020	11	17	13
20201715	2020	11	17	14
20201716	2020	11	17	15
20201717	2020	11	17	16
20201718	2020	11	17	17
20201719	2020	11	17	18
20201720	2020	11	17	19
20201721	2020	11	17	20
20201722	2020	11	17	21
20201723	2020	11	17	22
20201724	2020	11	17	23
20201801	2020	1	18	0
20201802	2020	1	18	1
20201803	2020	1	18	2
20201804	2020	1	18	3
20201805	2020	1	18	4
20201806	2020	1	18	5
20201807	2020	1	18	6
20201808	2020	1	18	7
20201809	2020	1	18	8
20201810	2020	1	18	9
20201811	2020	1	18	10
20201812	2020	1	18	11
20201813	2020	1	18	12
20201814	2020	1	18	13
20201815	2020	1	18	14
20201816	2020	1	18	15
20201817	2020	1	18	16
20201818	2020	1	18	17
20201819	2020	1	18	18
20201820	2020	1	18	19
20201821	2020	1	18	20
20201822	2020	1	18	21
20201823	2020	1	18	22
20201824	2020	1	18	23
20201901	2020	4	19	0
20201902	2020	4	19	1
20201903	2020	4	19	2
20201904	2020	4	19	3
20201905	2020	4	19	4
20201906	2020	4	19	5
20201907	2020	4	19	6
20201908	2020	4	19	7
20201909	2020	4	19	8
20201910	2020	4	19	9
20201911	2020	4	19	10
20201912	2020	4	19	11
20201913	2020	4	19	12
20201914	2020	4	19	13
20201915	2020	4	19	14
20201916	2020	4	19	15
20201917	2020	4	19	16
20201918	2020	4	19	17
20201919	2020	4	19	18
20201920	2020	4	19	19
20201921	2020	4	19	20
20201922	2020	4	19	21
20201923	2020	4	19	22
20201924	2020	4	19	23
20202001	2020	5	20	0
20202002	2020	5	20	1
20202003	2020	5	20	2
20202004	2020	5	20	3
20202005	2020	5	20	4
20202006	2020	5	20	5
20202007	2020	5	20	6
20202008	2020	5	20	7
20202009	2020	5	20	8
20202010	2020	5	20	9
20202011	2020	5	20	10
20202012	2020	5	20	11
20202013	2020	5	20	12
20202014	2020	5	20	13
20202015	2020	5	20	14
20202016	2020	5	20	15
20202017	2020	5	20	16
20202018	2020	5	20	17
20202019	2020	5	20	18
20202020	2020	5	20	19
20202021	2020	5	20	20
20202022	2020	5	20	21
20202023	2020	5	20	22
20202024	2020	5	20	23
20202101	2020	5	21	0
20202102	2020	5	21	1
20202103	2020	5	21	2
20202104	2020	5	21	3
20202105	2020	5	21	4
20202106	2020	5	21	5
20202107	2020	5	21	6
20202108	2020	5	21	7
20202109	2020	5	21	8
20202110	2020	5	21	9
20202111	2020	5	21	10
20202112	2020	5	21	11
20202113	2020	5	21	12
20202114	2020	5	21	13
20202115	2020	5	21	14
20202116	2020	5	21	15
20202117	2020	5	21	16
20202118	2020	5	21	17
20202119	2020	5	21	18
20202120	2020	5	21	19
20202121	2020	5	21	20
20202122	2020	5	21	21
20202123	2020	5	21	22
20202124	2020	5	21	23
20202201	2020	6	22	0
20202202	2020	6	22	1
20202203	2020	6	22	2
20202204	2020	6	22	3
20202205	2020	6	22	4
20202206	2020	6	22	5
20202207	2020	6	22	6
20202208	2020	6	22	7
20202209	2020	6	22	8
20202210	2020	6	22	9
20202211	2020	6	22	10
20202212	2020	6	22	11
20202213	2020	6	22	12
20202214	2020	6	22	13
20202215	2020	6	22	14
20202216	2020	6	22	15
20202217	2020	6	22	16
20202218	2020	6	22	17
20202219	2020	6	22	18
20202220	2020	6	22	19
20202221	2020	6	22	20
20202222	2020	6	22	21
20202223	2020	6	22	22
20202224	2020	6	22	23
20202301	2020	8	23	0
20202302	2020	8	23	1
20202303	2020	8	23	2
20202304	2020	8	23	3
20202305	2020	8	23	4
20202306	2020	8	23	5
20202307	2020	8	23	6
20202308	2020	8	23	7
20202309	2020	8	23	8
20202310	2020	8	23	9
20202311	2020	8	23	10
20202312	2020	8	23	11
20202313	2020	8	23	12
20202314	2020	8	23	13
20202315	2020	8	23	14
20202316	2020	8	23	15
20202317	2020	8	23	16
20202318	2020	8	23	17
20202319	2020	8	23	18
20202320	2020	8	23	19
20202321	2020	8	23	20
20202322	2020	8	23	21
20202323	2020	8	23	22
20202324	2020	8	23	23
20202401	2020	10	24	0
20202402	2020	10	24	1
20202403	2020	10	24	2
20202404	2020	10	24	3
20202405	2020	10	24	4
20202406	2020	10	24	5
20202407	2020	10	24	6
20202408	2020	10	24	7
20202409	2020	10	24	8
20202410	2020	10	24	9
20202411	2020	10	24	10
20202412	2020	10	24	11
20202413	2020	10	24	12
20202414	2020	10	24	13
20202415	2020	10	24	14
20202416	2020	10	24	15
20202417	2020	10	24	16
20202418	2020	10	24	17
20202419	2020	10	24	18
20202420	2020	10	24	19
20202421	2020	10	24	20
20202422	2020	10	24	21
20202423	2020	10	24	22
20202424	2020	10	24	23
20202501	2020	11	25	0
20202502	2020	11	25	1
20202503	2020	11	25	2
20202504	2020	11	25	3
20202505	2020	11	25	4
20202506	2020	11	25	5
20202507	2020	11	25	6
20202508	2020	11	25	7
20202509	2020	11	25	8
20202510	2020	11	25	9
20202511	2020	11	25	10
20202512	2020	11	25	11
20202513	2020	11	25	12
20202514	2020	11	25	13
20202515	2020	11	25	14
20202516	2020	11	25	15
20202517	2020	11	25	16
20202518	2020	11	25	17
20202519	2020	11	25	18
20202520	2020	11	25	19
20202521	2020	11	25	20
20202522	2020	11	25	21
20202523	2020	11	25	22
20202524	2020	11	25	23
20202601	2020	12	26	0
20202602	2020	12	26	1
20202603	2020	12	26	2
20202604	2020	12	26	3
20202605	2020	12	26	4
20202606	2020	12	26	5
20202607	2020	12	26	6
20202608	2020	12	26	7
20202609	2020	12	26	8
20202610	2020	12	26	9
20202611	2020	12	26	10
20202612	2020	12	26	11
20202613	2020	12	26	12
20202614	2020	12	26	13
20202615	2020	12	26	14
20202616	2020	12	26	15
20202617	2020	12	26	16
20202618	2020	12	26	17
20202619	2020	12	26	18
20202620	2020	12	26	19
20202621	2020	12	26	20
20202622	2020	12	26	21
20202623	2020	12	26	22
20202624	2020	12	26	23
20202701	2020	1	27	0
20202702	2020	1	27	1
20202703	2020	1	27	2
20202704	2020	1	27	3
20202705	2020	1	27	4
20202706	2020	1	27	5
20202707	2020	1	27	6
20202708	2020	1	27	7
20202709	2020	1	27	8
20202710	2020	1	27	9
20202711	2020	1	27	10
20202712	2020	1	27	11
20202713	2020	1	27	12
20202714	2020	1	27	13
20202715	2020	1	27	14
20202716	2020	1	27	15
20202717	2020	1	27	16
20202718	2020	1	27	17
20202719	2020	1	27	18
20202720	2020	1	27	19
20202721	2020	1	27	20
20202722	2020	1	27	21
20202723	2020	1	27	22
20202724	2020	1	27	23
20202801	2020	1	28	0
20202802	2020	1	28	1
20202803	2020	1	28	2
20202804	2020	1	28	3
20202805	2020	1	28	4
20202806	2020	1	28	5
20202807	2020	1	28	6
20202808	2020	1	28	7
20202809	2020	1	28	8
20202810	2020	1	28	9
20202811	2020	1	28	10
20202812	2020	1	28	11
20202813	2020	1	28	12
20202814	2020	1	28	13
20202815	2020	1	28	14
20202816	2020	1	28	15
20202817	2020	1	28	16
20202818	2020	1	28	17
20202819	2020	1	28	18
20202820	2020	1	28	19
20202821	2020	1	28	20
20202822	2020	1	28	21
20202823	2020	1	28	22
20202824	2020	1	28	23
20202901	2020	3	29	0
20202902	2020	3	29	1
20202903	2020	3	29	2
20202904	2020	3	29	3
20202905	2020	3	29	4
20202906	2020	3	29	5
20202907	2020	3	29	6
20202908	2020	3	29	7
20202909	2020	3	29	8
20202910	2020	3	29	9
20202911	2020	3	29	10
20202912	2020	3	29	11
20202913	2020	3	29	12
20202914	2020	3	29	13
20202915	2020	3	29	14
20202916	2020	3	29	15
20202917	2020	3	29	16
20202918	2020	3	29	17
20202919	2020	3	29	18
20202920	2020	3	29	19
20202921	2020	3	29	20
20202922	2020	3	29	21
20202923	2020	3	29	22
20202924	2020	3	29	23
20203001	2020	4	30	0
20203002	2020	4	30	1
20203003	2020	4	30	2
20203004	2020	4	30	3
20203005	2020	4	30	4
20203006	2020	4	30	5
20203007	2020	4	30	6
20203008	2020	4	30	7
20203009	2020	4	30	8
20203010	2020	4	30	9
20203011	2020	4	30	10
20203012	2020	4	30	11
20203013	2020	4	30	12
20203014	2020	4	30	13
20203015	2020	4	30	14
20203016	2020	4	30	15
20203017	2020	4	30	16
20203018	2020	4	30	17
20203019	2020	4	30	18
20203020	2020	4	30	19
20203021	2020	4	30	20
20203022	2020	4	30	21
20203023	2020	4	30	22
20203024	2020	4	30	23
20203101	2020	4	31	0
20203102	2020	4	31	1
20203103	2020	4	31	2
20203104	2020	4	31	3
20203105	2020	4	31	4
20203106	2020	4	31	5
20203107	2020	4	31	6
20203108	2020	4	31	7
20203109	2020	4	31	8
20203110	2020	4	31	9
20203111	2020	4	31	10
20203112	2020	4	31	11
20203113	2020	4	31	12
20203114	2020	4	31	13
20203115	2020	4	31	14
20203116	2020	4	31	15
20203117	2020	4	31	16
20203118	2020	4	31	17
20203119	2020	4	31	18
20203120	2020	4	31	19
20203121	2020	4	31	20
20203122	2020	4	31	21
20203123	2020	4	31	22
20203124	2020	4	31	23
20203201	2020	4	32	0
20203202	2020	4	32	1
20203203	2020	4	32	2
20203204	2020	4	32	3
20203205	2020	4	32	4
20203206	2020	4	32	5
20203207	2020	4	32	6
20203208	2020	4	32	7
20203209	2020	4	32	8
20203210	2020	4	32	9
20203211	2020	4	32	10
20203212	2020	4	32	11
20203213	2020	4	32	12
20203214	2020	4	32	13
20203215	2020	4	32	14
20203216	2020	4	32	15
20203217	2020	4	32	16
20203218	2020	4	32	17
20203219	2020	4	32	18
20203220	2020	4	32	19
20203221	2020	4	32	20
20203222	2020	4	32	21
20203223	2020	4	32	22
20203224	2020	4	32	23
20203301	2020	4	33	0
20203302	2020	4	33	1
20203303	2020	4	33	2
20203304	2020	4	33	3
20203305	2020	4	33	4
20203306	2020	4	33	5
20203307	2020	4	33	6
20203308	2020	4	33	7
20203309	2020	4	33	8
20203310	2020	4	33	9
20203311	2020	4	33	10
20203312	2020	4	33	11
20203313	2020	4	33	12
20203314	2020	4	33	13
20203315	2020	4	33	14
20203316	2020	4	33	15
20203317	2020	4	33	16
20203318	2020	4	33	17
20203319	2020	4	33	18
20203320	2020	4	33	19
20203321	2020	4	33	20
20203322	2020	4	33	21
20203323	2020	4	33	22
20203324	2020	4	33	23
20203401	2020	4	34	0
20203402	2020	4	34	1
20203403	2020	4	34	2
20203404	2020	4	34	3
20203405	2020	4	34	4
20203406	2020	4	34	5
20203407	2020	4	34	6
20203408	2020	4	34	7
20203409	2020	4	34	8
20203410	2020	4	34	9
20203411	2020	4	34	10
20203412	2020	4	34	11
20203413	2020	4	34	12
20203414	2020	4	34	13
20203415	2020	4	34	14
20203416	2020	4	34	15
20203417	2020	4	34	16
20203418	2020	4	34	17
20203419	2020	4	34	18
20203420	2020	4	34	19
20203421	2020	4	34	20
20203422	2020	4	34	21
20203423	2020	4	34	22
20203424	2020	4	34	23
20203501	2020	6	35	0
20203502	2020	6	35	1
20203503	2020	6	35	2
20203504	2020	6	35	3
20203505	2020	6	35	4
20203506	2020	6	35	5
20203507	2020	6	35	6
20203508	2020	6	35	7
20203509	2020	6	35	8
20203510	2020	6	35	9
20203511	2020	6	35	10
20203512	2020	6	35	11
20203513	2020	6	35	12
20203514	2020	6	35	13
20203515	2020	6	35	14
20203516	2020	6	35	15
20203517	2020	6	35	16
20203518	2020	6	35	17
20203519	2020	6	35	18
20203520	2020	6	35	19
20203521	2020	6	35	20
20203522	2020	6	35	21
20203523	2020	6	35	22
20203524	2020	6	35	23
20203601	2020	8	36	0
20203602	2020	8	36	1
20203603	2020	8	36	2
20203604	2020	8	36	3
20203605	2020	8	36	4
20203606	2020	8	36	5
20203607	2020	8	36	6
20203608	2020	8	36	7
20203609	2020	8	36	8
20203610	2020	8	36	9
20203611	2020	8	36	10
20203612	2020	8	36	11
20203613	2020	8	36	12
20203614	2020	8	36	13
20203615	2020	8	36	14
20203616	2020	8	36	15
20203617	2020	8	36	16
20203618	2020	8	36	17
20203619	2020	8	36	18
20203620	2020	8	36	19
20203621	2020	8	36	20
20203622	2020	8	36	21
20203623	2020	8	36	22
20203624	2020	8	36	23
20203701	2020	10	37	0
20203702	2020	10	37	1
20203703	2020	10	37	2
20203704	2020	10	37	3
20203705	2020	10	37	4
20203706	2020	10	37	5
20203707	2020	10	37	6
20203708	2020	10	37	7
20203709	2020	10	37	8
20203710	2020	10	37	9
20203711	2020	10	37	10
20203712	2020	10	37	11
20203713	2020	10	37	12
20203714	2020	10	37	13
20203715	2020	10	37	14
20203716	2020	10	37	15
20203717	2020	10	37	16
20203718	2020	10	37	17
20203719	2020	10	37	18
20203720	2020	10	37	19
20203721	2020	10	37	20
20203722	2020	10	37	21
20203723	2020	10	37	22
20203724	2020	10	37	23
20220101	2022	1	1	0
20220102	2022	1	1	1
20220103	2022	1	1	2
20220104	2022	1	1	3
20220105	2022	1	1	4
20220106	2022	1	1	5
20220107	2022	1	1	6
20220108	2022	1	1	7
20220109	2022	1	1	8
20220110	2022	1	1	9
20220111	2022	1	1	10
20220112	2022	1	1	11
20220113	2022	1	1	12
20220114	2022	1	1	13
20220115	2022	1	1	14
20220116	2022	1	1	15
20220117	2022	1	1	16
20220118	2022	1	1	17
20220119	2022	1	1	18
20220120	2022	1	1	19
20220121	2022	1	1	20
20220122	2022	1	1	21
20220123	2022	1	1	22
20220124	2022	1	1	23
20220201	2022	1	2	0
20220202	2022	1	2	1
20220203	2022	1	2	2
20220204	2022	1	2	3
20220205	2022	1	2	4
20220206	2022	1	2	5
20220207	2022	1	2	6
20220208	2022	1	2	7
20220209	2022	1	2	8
20220210	2022	1	2	9
20220211	2022	1	2	10
20220212	2022	1	2	11
20220213	2022	1	2	12
20220214	2022	1	2	13
20220215	2022	1	2	14
20220216	2022	1	2	15
20220217	2022	1	2	16
20220218	2022	1	2	17
20220219	2022	1	2	18
20220220	2022	1	2	19
20220221	2022	1	2	20
20220222	2022	1	2	21
20220223	2022	1	2	22
20220224	2022	1	2	23
20220301	2022	2	3	0
20220302	2022	2	3	1
20220303	2022	2	3	2
20220304	2022	2	3	3
20220305	2022	2	3	4
20220306	2022	2	3	5
20220307	2022	2	3	6
20220308	2022	2	3	7
20220309	2022	2	3	8
20220310	2022	2	3	9
20220311	2022	2	3	10
20220312	2022	2	3	11
20220313	2022	2	3	12
20220314	2022	2	3	13
20220315	2022	2	3	14
20220316	2022	2	3	15
20220317	2022	2	3	16
20220318	2022	2	3	17
20220319	2022	2	3	18
20220320	2022	2	3	19
20220321	2022	2	3	20
20220322	2022	2	3	21
20220323	2022	2	3	22
20220324	2022	2	3	23
20220401	2022	3	4	0
20220402	2022	3	4	1
20220403	2022	3	4	2
20220404	2022	3	4	3
20220405	2022	3	4	4
20220406	2022	3	4	5
20220407	2022	3	4	6
20220408	2022	3	4	7
20220409	2022	3	4	8
20220410	2022	3	4	9
20220411	2022	3	4	10
20220412	2022	3	4	11
20220413	2022	3	4	12
20220414	2022	3	4	13
20220415	2022	3	4	14
20220416	2022	3	4	15
20220417	2022	3	4	16
20220418	2022	3	4	17
20220419	2022	3	4	18
20220420	2022	3	4	19
20220421	2022	3	4	20
20220422	2022	3	4	21
20220423	2022	3	4	22
20220424	2022	3	4	23
20220501	2022	3	5	0
20220502	2022	3	5	1
20220503	2022	3	5	2
20220504	2022	3	5	3
20220505	2022	3	5	4
20220506	2022	3	5	5
20220507	2022	3	5	6
20220508	2022	3	5	7
20220509	2022	3	5	8
20220510	2022	3	5	9
20220511	2022	3	5	10
20220512	2022	3	5	11
20220513	2022	3	5	12
20220514	2022	3	5	13
20220515	2022	3	5	14
20220516	2022	3	5	15
20220517	2022	3	5	16
20220518	2022	3	5	17
20220519	2022	3	5	18
20220520	2022	3	5	19
20220521	2022	3	5	20
20220522	2022	3	5	21
20220523	2022	3	5	22
20220524	2022	3	5	23
20220601	2022	4	6	0
20220602	2022	4	6	1
20220603	2022	4	6	2
20220604	2022	4	6	3
20220605	2022	4	6	4
20220606	2022	4	6	5
20220607	2022	4	6	6
20220608	2022	4	6	7
20220609	2022	4	6	8
20220610	2022	4	6	9
20220611	2022	4	6	10
20220612	2022	4	6	11
20220613	2022	4	6	12
20220614	2022	4	6	13
20220615	2022	4	6	14
20220616	2022	4	6	15
20220617	2022	4	6	16
20220618	2022	4	6	17
20220619	2022	4	6	18
20220620	2022	4	6	19
20220621	2022	4	6	20
20220622	2022	4	6	21
20220623	2022	4	6	22
20220624	2022	4	6	23
20220701	2022	4	7	0
20220702	2022	4	7	1
20220703	2022	4	7	2
20220704	2022	4	7	3
20220705	2022	4	7	4
20220706	2022	4	7	5
20220707	2022	4	7	6
20220708	2022	4	7	7
20220709	2022	4	7	8
20220710	2022	4	7	9
20220711	2022	4	7	10
20220712	2022	4	7	11
20220713	2022	4	7	12
20220714	2022	4	7	13
20220715	2022	4	7	14
20220716	2022	4	7	15
20220717	2022	4	7	16
20220718	2022	4	7	17
20220719	2022	4	7	18
20220720	2022	4	7	19
20220721	2022	4	7	20
20220722	2022	4	7	21
20220723	2022	4	7	22
20220724	2022	4	7	23
20220801	2022	4	8	0
20220802	2022	4	8	1
20220803	2022	4	8	2
20220804	2022	4	8	3
20220805	2022	4	8	4
20220806	2022	4	8	5
20220807	2022	4	8	6
20220808	2022	4	8	7
20220809	2022	4	8	8
20220810	2022	4	8	9
20220811	2022	4	8	10
20220812	2022	4	8	11
20220813	2022	4	8	12
20220814	2022	4	8	13
20220815	2022	4	8	14
20220816	2022	4	8	15
20220817	2022	4	8	16
20220818	2022	4	8	17
20220819	2022	4	8	18
20220820	2022	4	8	19
20220821	2022	4	8	20
20220822	2022	4	8	21
20220823	2022	4	8	22
20220824	2022	4	8	23
20220901	2022	5	9	0
20220902	2022	5	9	1
20220903	2022	5	9	2
20220904	2022	5	9	3
20220905	2022	5	9	4
20220906	2022	5	9	5
20220907	2022	5	9	6
20220908	2022	5	9	7
20220909	2022	5	9	8
20220910	2022	5	9	9
20220911	2022	5	9	10
20220912	2022	5	9	11
20220913	2022	5	9	12
20220914	2022	5	9	13
20220915	2022	5	9	14
20220916	2022	5	9	15
20220917	2022	5	9	16
20220918	2022	5	9	17
20220919	2022	5	9	18
20220920	2022	5	9	19
20220921	2022	5	9	20
20220922	2022	5	9	21
20220923	2022	5	9	22
20220924	2022	5	9	23
20221001	2022	5	10	0
20221002	2022	5	10	1
20221003	2022	5	10	2
20221004	2022	5	10	3
20221005	2022	5	10	4
20221006	2022	5	10	5
20221007	2022	5	10	6
20221008	2022	5	10	7
20221009	2022	5	10	8
20221010	2022	5	10	9
20221011	2022	5	10	10
20221012	2022	5	10	11
20221013	2022	5	10	12
20221014	2022	5	10	13
20221015	2022	5	10	14
20221016	2022	5	10	15
20221017	2022	5	10	16
20221018	2022	5	10	17
20221019	2022	5	10	18
20221020	2022	5	10	19
20221021	2022	5	10	20
20221022	2022	5	10	21
20221023	2022	5	10	22
20221024	2022	5	10	23
20221101	2022	6	11	0
20221102	2022	6	11	1
20221103	2022	6	11	2
20221104	2022	6	11	3
20221105	2022	6	11	4
20221106	2022	6	11	5
20221107	2022	6	11	6
20221108	2022	6	11	7
20221109	2022	6	11	8
20221110	2022	6	11	9
20221111	2022	6	11	10
20221112	2022	6	11	11
20221113	2022	6	11	12
20221114	2022	6	11	13
20221115	2022	6	11	14
20221116	2022	6	11	15
20221117	2022	6	11	16
20221118	2022	6	11	17
20221119	2022	6	11	18
20221120	2022	6	11	19
20221121	2022	6	11	20
20221122	2022	6	11	21
20221123	2022	6	11	22
20221124	2022	6	11	23
20221201	2022	6	12	0
20221202	2022	6	12	1
20221203	2022	6	12	2
20221204	2022	6	12	3
20221205	2022	6	12	4
20221206	2022	6	12	5
20221207	2022	6	12	6
20221208	2022	6	12	7
20221209	2022	6	12	8
20221210	2022	6	12	9
20221211	2022	6	12	10
20221212	2022	6	12	11
20221213	2022	6	12	12
20221214	2022	6	12	13
20221215	2022	6	12	14
20221216	2022	6	12	15
20221217	2022	6	12	16
20221218	2022	6	12	17
20221219	2022	6	12	18
20221220	2022	6	12	19
20221221	2022	6	12	20
20221222	2022	6	12	21
20221223	2022	6	12	22
20221224	2022	6	12	23
20221301	2022	7	13	0
20221302	2022	7	13	1
20221303	2022	7	13	2
20221304	2022	7	13	3
20221305	2022	7	13	4
20221306	2022	7	13	5
20221307	2022	7	13	6
20221308	2022	7	13	7
20221309	2022	7	13	8
20221310	2022	7	13	9
20221311	2022	7	13	10
20221312	2022	7	13	11
20221313	2022	7	13	12
20221314	2022	7	13	13
20221315	2022	7	13	14
20221316	2022	7	13	15
20221317	2022	7	13	16
20221318	2022	7	13	17
20221319	2022	7	13	18
20221320	2022	7	13	19
20221321	2022	7	13	20
20221322	2022	7	13	21
20221323	2022	7	13	22
20221324	2022	7	13	23
20221401	2022	8	14	0
20221402	2022	8	14	1
20221403	2022	8	14	2
20221404	2022	8	14	3
20221405	2022	8	14	4
20221406	2022	8	14	5
20221407	2022	8	14	6
20221408	2022	8	14	7
20221409	2022	8	14	8
20221410	2022	8	14	9
20221411	2022	8	14	10
20221412	2022	8	14	11
20221413	2022	8	14	12
20221414	2022	8	14	13
20221415	2022	8	14	14
20221416	2022	8	14	15
20221417	2022	8	14	16
20221418	2022	8	14	17
20221419	2022	8	14	18
20221420	2022	8	14	19
20221421	2022	8	14	20
20221422	2022	8	14	21
20221423	2022	8	14	22
20221424	2022	8	14	23
20221501	2022	9	15	0
20221502	2022	9	15	1
20221503	2022	9	15	2
20221504	2022	9	15	3
20221505	2022	9	15	4
20221506	2022	9	15	5
20221507	2022	9	15	6
20221508	2022	9	15	7
20221509	2022	9	15	8
20221510	2022	9	15	9
20221511	2022	9	15	10
20221512	2022	9	15	11
20221513	2022	9	15	12
20221514	2022	9	15	13
20221515	2022	9	15	14
20221516	2022	9	15	15
20221517	2022	9	15	16
20221518	2022	9	15	17
20221519	2022	9	15	18
20221520	2022	9	15	19
20221521	2022	9	15	20
20221522	2022	9	15	21
20221523	2022	9	15	22
20221524	2022	9	15	23
20221601	2022	9	16	0
20221602	2022	9	16	1
20221603	2022	9	16	2
20221604	2022	9	16	3
20221605	2022	9	16	4
20221606	2022	9	16	5
20221607	2022	9	16	6
20221608	2022	9	16	7
20221609	2022	9	16	8
20221610	2022	9	16	9
20221611	2022	9	16	10
20221612	2022	9	16	11
20221613	2022	9	16	12
20221614	2022	9	16	13
20221615	2022	9	16	14
20221616	2022	9	16	15
20221617	2022	9	16	16
20221618	2022	9	16	17
20221619	2022	9	16	18
20221620	2022	9	16	19
20221621	2022	9	16	20
20221622	2022	9	16	21
20221623	2022	9	16	22
20221624	2022	9	16	23
20221701	2022	11	17	0
20221702	2022	11	17	1
20221703	2022	11	17	2
20221704	2022	11	17	3
20221705	2022	11	17	4
20221706	2022	11	17	5
20221707	2022	11	17	6
20221708	2022	11	17	7
20221709	2022	11	17	8
20221710	2022	11	17	9
20221711	2022	11	17	10
20221712	2022	11	17	11
20221713	2022	11	17	12
20221714	2022	11	17	13
20221715	2022	11	17	14
20221716	2022	11	17	15
20221717	2022	11	17	16
20221718	2022	11	17	17
20221719	2022	11	17	18
20221720	2022	11	17	19
20221721	2022	11	17	20
20221722	2022	11	17	21
20221723	2022	11	17	22
20221724	2022	11	17	23
20221801	2022	1	18	0
20221802	2022	1	18	1
20221803	2022	1	18	2
20221804	2022	1	18	3
20221805	2022	1	18	4
20221806	2022	1	18	5
20221807	2022	1	18	6
20221808	2022	1	18	7
20221809	2022	1	18	8
20221810	2022	1	18	9
20221811	2022	1	18	10
20221812	2022	1	18	11
20221813	2022	1	18	12
20221814	2022	1	18	13
20221815	2022	1	18	14
20221816	2022	1	18	15
20221817	2022	1	18	16
20221818	2022	1	18	17
20221819	2022	1	18	18
20221820	2022	1	18	19
20221821	2022	1	18	20
20221822	2022	1	18	21
20221823	2022	1	18	22
20221824	2022	1	18	23
20221901	2022	4	19	0
20221902	2022	4	19	1
20221903	2022	4	19	2
20221904	2022	4	19	3
20221905	2022	4	19	4
20221906	2022	4	19	5
20221907	2022	4	19	6
20221908	2022	4	19	7
20221909	2022	4	19	8
20221910	2022	4	19	9
20221911	2022	4	19	10
20221912	2022	4	19	11
20221913	2022	4	19	12
20221914	2022	4	19	13
20221915	2022	4	19	14
20221916	2022	4	19	15
20221917	2022	4	19	16
20221918	2022	4	19	17
20221919	2022	4	19	18
20221920	2022	4	19	19
20221921	2022	4	19	20
20221922	2022	4	19	21
20221923	2022	4	19	22
20221924	2022	4	19	23
20222001	2022	5	20	0
20222002	2022	5	20	1
20222003	2022	5	20	2
20222004	2022	5	20	3
20222005	2022	5	20	4
20222006	2022	5	20	5
20222007	2022	5	20	6
20222008	2022	5	20	7
20222009	2022	5	20	8
20222010	2022	5	20	9
20222011	2022	5	20	10
20222012	2022	5	20	11
20222013	2022	5	20	12
20222014	2022	5	20	13
20222015	2022	5	20	14
20222016	2022	5	20	15
20222017	2022	5	20	16
20222018	2022	5	20	17
20222019	2022	5	20	18
20222020	2022	5	20	19
20222021	2022	5	20	20
20222022	2022	5	20	21
20222023	2022	5	20	22
20222024	2022	5	20	23
20222101	2022	5	21	0
20222102	2022	5	21	1
20222103	2022	5	21	2
20222104	2022	5	21	3
20222105	2022	5	21	4
20222106	2022	5	21	5
20222107	2022	5	21	6
20222108	2022	5	21	7
20222109	2022	5	21	8
20222110	2022	5	21	9
20222111	2022	5	21	10
20222112	2022	5	21	11
20222113	2022	5	21	12
20222114	2022	5	21	13
20222115	2022	5	21	14
20222116	2022	5	21	15
20222117	2022	5	21	16
20222118	2022	5	21	17
20222119	2022	5	21	18
20222120	2022	5	21	19
20222121	2022	5	21	20
20222122	2022	5	21	21
20222123	2022	5	21	22
20222124	2022	5	21	23
20222201	2022	6	22	0
20222202	2022	6	22	1
20222203	2022	6	22	2
20222204	2022	6	22	3
20222205	2022	6	22	4
20222206	2022	6	22	5
20222207	2022	6	22	6
20222208	2022	6	22	7
20222209	2022	6	22	8
20222210	2022	6	22	9
20222211	2022	6	22	10
20222212	2022	6	22	11
20222213	2022	6	22	12
20222214	2022	6	22	13
20222215	2022	6	22	14
20222216	2022	6	22	15
20222217	2022	6	22	16
20222218	2022	6	22	17
20222219	2022	6	22	18
20222220	2022	6	22	19
20222221	2022	6	22	20
20222222	2022	6	22	21
20222223	2022	6	22	22
20222224	2022	6	22	23
20222301	2022	8	23	0
20222302	2022	8	23	1
20222303	2022	8	23	2
20222304	2022	8	23	3
20222305	2022	8	23	4
20222306	2022	8	23	5
20222307	2022	8	23	6
20222308	2022	8	23	7
20222309	2022	8	23	8
20222310	2022	8	23	9
20222311	2022	8	23	10
20222312	2022	8	23	11
20222313	2022	8	23	12
20222314	2022	8	23	13
20222315	2022	8	23	14
20222316	2022	8	23	15
20222317	2022	8	23	16
20222318	2022	8	23	17
20222319	2022	8	23	18
20222320	2022	8	23	19
20222321	2022	8	23	20
20222322	2022	8	23	21
20222323	2022	8	23	22
20222324	2022	8	23	23
20222401	2022	10	24	0
20222402	2022	10	24	1
20222403	2022	10	24	2
20222404	2022	10	24	3
20222405	2022	10	24	4
20222406	2022	10	24	5
20222407	2022	10	24	6
20222408	2022	10	24	7
20222409	2022	10	24	8
20222410	2022	10	24	9
20222411	2022	10	24	10
20222412	2022	10	24	11
20222413	2022	10	24	12
20222414	2022	10	24	13
20222415	2022	10	24	14
20222416	2022	10	24	15
20222417	2022	10	24	16
20222418	2022	10	24	17
20222419	2022	10	24	18
20222420	2022	10	24	19
20222421	2022	10	24	20
20222422	2022	10	24	21
20222423	2022	10	24	22
20222424	2022	10	24	23
20222501	2022	11	25	0
20222502	2022	11	25	1
20222503	2022	11	25	2
20222504	2022	11	25	3
20222505	2022	11	25	4
20222506	2022	11	25	5
20222507	2022	11	25	6
20222508	2022	11	25	7
20222509	2022	11	25	8
20222510	2022	11	25	9
20222511	2022	11	25	10
20222512	2022	11	25	11
20222513	2022	11	25	12
20222514	2022	11	25	13
20222515	2022	11	25	14
20222516	2022	11	25	15
20222517	2022	11	25	16
20222518	2022	11	25	17
20222519	2022	11	25	18
20222520	2022	11	25	19
20222521	2022	11	25	20
20222522	2022	11	25	21
20222523	2022	11	25	22
20222524	2022	11	25	23
20222601	2022	12	26	0
20222602	2022	12	26	1
20222603	2022	12	26	2
20222604	2022	12	26	3
20222605	2022	12	26	4
20222606	2022	12	26	5
20222607	2022	12	26	6
20222608	2022	12	26	7
20222609	2022	12	26	8
20222610	2022	12	26	9
20222611	2022	12	26	10
20222612	2022	12	26	11
20222613	2022	12	26	12
20222614	2022	12	26	13
20222615	2022	12	26	14
20222616	2022	12	26	15
20222617	2022	12	26	16
20222618	2022	12	26	17
20222619	2022	12	26	18
20222620	2022	12	26	19
20222621	2022	12	26	20
20222622	2022	12	26	21
20222623	2022	12	26	22
20222624	2022	12	26	23
20222701	2022	1	27	0
20222702	2022	1	27	1
20222703	2022	1	27	2
20222704	2022	1	27	3
20222705	2022	1	27	4
20222706	2022	1	27	5
20222707	2022	1	27	6
20222708	2022	1	27	7
20222709	2022	1	27	8
20222710	2022	1	27	9
20222711	2022	1	27	10
20222712	2022	1	27	11
20222713	2022	1	27	12
20222714	2022	1	27	13
20222715	2022	1	27	14
20222716	2022	1	27	15
20222717	2022	1	27	16
20222718	2022	1	27	17
20222719	2022	1	27	18
20222720	2022	1	27	19
20222721	2022	1	27	20
20222722	2022	1	27	21
20222723	2022	1	27	22
20222724	2022	1	27	23
20222801	2022	1	28	0
20222802	2022	1	28	1
20222803	2022	1	28	2
20222804	2022	1	28	3
20222805	2022	1	28	4
20222806	2022	1	28	5
20222807	2022	1	28	6
20222808	2022	1	28	7
20222809	2022	1	28	8
20222810	2022	1	28	9
20222811	2022	1	28	10
20222812	2022	1	28	11
20222813	2022	1	28	12
20222814	2022	1	28	13
20222815	2022	1	28	14
20222816	2022	1	28	15
20222817	2022	1	28	16
20222818	2022	1	28	17
20222819	2022	1	28	18
20222820	2022	1	28	19
20222821	2022	1	28	20
20222822	2022	1	28	21
20222823	2022	1	28	22
20222824	2022	1	28	23
20222901	2022	3	29	0
20222902	2022	3	29	1
20222903	2022	3	29	2
20222904	2022	3	29	3
20222905	2022	3	29	4
20222906	2022	3	29	5
20222907	2022	3	29	6
20222908	2022	3	29	7
20222909	2022	3	29	8
20222910	2022	3	29	9
20222911	2022	3	29	10
20222912	2022	3	29	11
20222913	2022	3	29	12
20222914	2022	3	29	13
20222915	2022	3	29	14
20222916	2022	3	29	15
20222917	2022	3	29	16
20222918	2022	3	29	17
20222919	2022	3	29	18
20222920	2022	3	29	19
20222921	2022	3	29	20
20222922	2022	3	29	21
20222923	2022	3	29	22
20222924	2022	3	29	23
20223001	2022	4	30	0
20223002	2022	4	30	1
20223003	2022	4	30	2
20223004	2022	4	30	3
20223005	2022	4	30	4
20223006	2022	4	30	5
20223007	2022	4	30	6
20223008	2022	4	30	7
20223009	2022	4	30	8
20223010	2022	4	30	9
20223011	2022	4	30	10
20223012	2022	4	30	11
20223013	2022	4	30	12
20223014	2022	4	30	13
20223015	2022	4	30	14
20223016	2022	4	30	15
20223017	2022	4	30	16
20223018	2022	4	30	17
20223019	2022	4	30	18
20223020	2022	4	30	19
20223021	2022	4	30	20
20223022	2022	4	30	21
20223023	2022	4	30	22
20223024	2022	4	30	23
20223101	2022	4	31	0
20223102	2022	4	31	1
20223103	2022	4	31	2
20223104	2022	4	31	3
20223105	2022	4	31	4
20223106	2022	4	31	5
20223107	2022	4	31	6
20223108	2022	4	31	7
20223109	2022	4	31	8
20223110	2022	4	31	9
20223111	2022	4	31	10
20223112	2022	4	31	11
20223113	2022	4	31	12
20223114	2022	4	31	13
20223115	2022	4	31	14
20223116	2022	4	31	15
20223117	2022	4	31	16
20223118	2022	4	31	17
20223119	2022	4	31	18
20223120	2022	4	31	19
20223121	2022	4	31	20
20223122	2022	4	31	21
20223123	2022	4	31	22
20223124	2022	4	31	23
20223201	2022	4	32	0
20223202	2022	4	32	1
20223203	2022	4	32	2
20223204	2022	4	32	3
20223205	2022	4	32	4
20223206	2022	4	32	5
20223207	2022	4	32	6
20223208	2022	4	32	7
20223209	2022	4	32	8
20223210	2022	4	32	9
20223211	2022	4	32	10
20223212	2022	4	32	11
20223213	2022	4	32	12
20223214	2022	4	32	13
20223215	2022	4	32	14
20223216	2022	4	32	15
20223217	2022	4	32	16
20223218	2022	4	32	17
20223219	2022	4	32	18
20223220	2022	4	32	19
20223221	2022	4	32	20
20223222	2022	4	32	21
20223223	2022	4	32	22
20223224	2022	4	32	23
20223301	2022	4	33	0
20223302	2022	4	33	1
20223303	2022	4	33	2
20223304	2022	4	33	3
20223305	2022	4	33	4
20223306	2022	4	33	5
20223307	2022	4	33	6
20223308	2022	4	33	7
20223309	2022	4	33	8
20223310	2022	4	33	9
20223311	2022	4	33	10
20223312	2022	4	33	11
20223313	2022	4	33	12
20223314	2022	4	33	13
20223315	2022	4	33	14
20223316	2022	4	33	15
20223317	2022	4	33	16
20223318	2022	4	33	17
20223319	2022	4	33	18
20223320	2022	4	33	19
20223321	2022	4	33	20
20223322	2022	4	33	21
20223323	2022	4	33	22
20223324	2022	4	33	23
20223401	2022	4	34	0
20223402	2022	4	34	1
20223403	2022	4	34	2
20223404	2022	4	34	3
20223405	2022	4	34	4
20223406	2022	4	34	5
20223407	2022	4	34	6
20223408	2022	4	34	7
20223409	2022	4	34	8
20223410	2022	4	34	9
20223411	2022	4	34	10
20223412	2022	4	34	11
20223413	2022	4	34	12
20223414	2022	4	34	13
20223415	2022	4	34	14
20223416	2022	4	34	15
20223417	2022	4	34	16
20223418	2022	4	34	17
20223419	2022	4	34	18
20223420	2022	4	34	19
20223421	2022	4	34	20
20223422	2022	4	34	21
20223423	2022	4	34	22
20223424	2022	4	34	23
20223501	2022	6	35	0
20223502	2022	6	35	1
20223503	2022	6	35	2
20223504	2022	6	35	3
20223505	2022	6	35	4
20223506	2022	6	35	5
20223507	2022	6	35	6
20223508	2022	6	35	7
20223509	2022	6	35	8
20223510	2022	6	35	9
20223511	2022	6	35	10
20223512	2022	6	35	11
20223513	2022	6	35	12
20223514	2022	6	35	13
20223515	2022	6	35	14
20223516	2022	6	35	15
20223517	2022	6	35	16
20223518	2022	6	35	17
20223519	2022	6	35	18
20223520	2022	6	35	19
20223521	2022	6	35	20
20223522	2022	6	35	21
20223523	2022	6	35	22
20223524	2022	6	35	23
20223601	2022	8	36	0
20223602	2022	8	36	1
20223603	2022	8	36	2
20223604	2022	8	36	3
20223605	2022	8	36	4
20223606	2022	8	36	5
20223607	2022	8	36	6
20223608	2022	8	36	7
20223609	2022	8	36	8
20223610	2022	8	36	9
20223611	2022	8	36	10
20223612	2022	8	36	11
20223613	2022	8	36	12
20223614	2022	8	36	13
20223615	2022	8	36	14
20223616	2022	8	36	15
20223617	2022	8	36	16
20223618	2022	8	36	17
20223619	2022	8	36	18
20223620	2022	8	36	19
20223621	2022	8	36	20
20223622	2022	8	36	21
20223623	2022	8	36	22
20223624	2022	8	36	23
20223701	2022	10	37	0
20223702	2022	10	37	1
20223703	2022	10	37	2
20223704	2022	10	37	3
20223705	2022	10	37	4
20223706	2022	10	37	5
20223707	2022	10	37	6
20223708	2022	10	37	7
20223709	2022	10	37	8
20223710	2022	10	37	9
20223711	2022	10	37	10
20223712	2022	10	37	11
20223713	2022	10	37	12
20223714	2022	10	37	13
20223715	2022	10	37	14
20223716	2022	10	37	15
20223717	2022	10	37	16
20223718	2022	10	37	17
20223719	2022	10	37	18
20223720	2022	10	37	19
20223721	2022	10	37	20
20223722	2022	10	37	21
20223723	2022	10	37	22
20223724	2022	10	37	23
20260101	2026	1	1	0
20260102	2026	1	1	1
20260103	2026	1	1	2
20260104	2026	1	1	3
20260105	2026	1	1	4
20260106	2026	1	1	5
20260107	2026	1	1	6
20260108	2026	1	1	7
20260109	2026	1	1	8
20260110	2026	1	1	9
20260111	2026	1	1	10
20260112	2026	1	1	11
20260113	2026	1	1	12
20260114	2026	1	1	13
20260115	2026	1	1	14
20260116	2026	1	1	15
20260117	2026	1	1	16
20260118	2026	1	1	17
20260119	2026	1	1	18
20260120	2026	1	1	19
20260121	2026	1	1	20
20260122	2026	1	1	21
20260123	2026	1	1	22
20260124	2026	1	1	23
20260201	2026	1	2	0
20260202	2026	1	2	1
20260203	2026	1	2	2
20260204	2026	1	2	3
20260205	2026	1	2	4
20260206	2026	1	2	5
20260207	2026	1	2	6
20260208	2026	1	2	7
20260209	2026	1	2	8
20260210	2026	1	2	9
20260211	2026	1	2	10
20260212	2026	1	2	11
20260213	2026	1	2	12
20260214	2026	1	2	13
20260215	2026	1	2	14
20260216	2026	1	2	15
20260217	2026	1	2	16
20260218	2026	1	2	17
20260219	2026	1	2	18
20260220	2026	1	2	19
20260221	2026	1	2	20
20260222	2026	1	2	21
20260223	2026	1	2	22
20260224	2026	1	2	23
20260301	2026	2	3	0
20260302	2026	2	3	1
20260303	2026	2	3	2
20260304	2026	2	3	3
20260305	2026	2	3	4
20260306	2026	2	3	5
20260307	2026	2	3	6
20260308	2026	2	3	7
20260309	2026	2	3	8
20260310	2026	2	3	9
20260311	2026	2	3	10
20260312	2026	2	3	11
20260313	2026	2	3	12
20260314	2026	2	3	13
20260315	2026	2	3	14
20260316	2026	2	3	15
20260317	2026	2	3	16
20260318	2026	2	3	17
20260319	2026	2	3	18
20260320	2026	2	3	19
20260321	2026	2	3	20
20260322	2026	2	3	21
20260323	2026	2	3	22
20260324	2026	2	3	23
20260401	2026	3	4	0
20260402	2026	3	4	1
20260403	2026	3	4	2
20260404	2026	3	4	3
20260405	2026	3	4	4
20260406	2026	3	4	5
20260407	2026	3	4	6
20260408	2026	3	4	7
20260409	2026	3	4	8
20260410	2026	3	4	9
20260411	2026	3	4	10
20260412	2026	3	4	11
20260413	2026	3	4	12
20260414	2026	3	4	13
20260415	2026	3	4	14
20260416	2026	3	4	15
20260417	2026	3	4	16
20260418	2026	3	4	17
20260419	2026	3	4	18
20260420	2026	3	4	19
20260421	2026	3	4	20
20260422	2026	3	4	21
20260423	2026	3	4	22
20260424	2026	3	4	23
20260501	2026	3	5	0
20260502	2026	3	5	1
20260503	2026	3	5	2
20260504	2026	3	5	3
20260505	2026	3	5	4
20260506	2026	3	5	5
20260507	2026	3	5	6
20260508	2026	3	5	7
20260509	2026	3	5	8
20260510	2026	3	5	9
20260511	2026	3	5	10
20260512	2026	3	5	11
20260513	2026	3	5	12
20260514	2026	3	5	13
20260515	2026	3	5	14
20260516	2026	3	5	15
20260517	2026	3	5	16
20260518	2026	3	5	17
20260519	2026	3	5	18
20260520	2026	3	5	19
20260521	2026	3	5	20
20260522	2026	3	5	21
20260523	2026	3	5	22
20260524	2026	3	5	23
20260601	2026	4	6	0
20260602	2026	4	6	1
20260603	2026	4	6	2
20260604	2026	4	6	3
20260605	2026	4	6	4
20260606	2026	4	6	5
20260607	2026	4	6	6
20260608	2026	4	6	7
20260609	2026	4	6	8
20260610	2026	4	6	9
20260611	2026	4	6	10
20260612	2026	4	6	11
20260613	2026	4	6	12
20260614	2026	4	6	13
20260615	2026	4	6	14
20260616	2026	4	6	15
20260617	2026	4	6	16
20260618	2026	4	6	17
20260619	2026	4	6	18
20260620	2026	4	6	19
20260621	2026	4	6	20
20260622	2026	4	6	21
20260623	2026	4	6	22
20260624	2026	4	6	23
20260701	2026	4	7	0
20260702	2026	4	7	1
20260703	2026	4	7	2
20260704	2026	4	7	3
20260705	2026	4	7	4
20260706	2026	4	7	5
20260707	2026	4	7	6
20260708	2026	4	7	7
20260709	2026	4	7	8
20260710	2026	4	7	9
20260711	2026	4	7	10
20260712	2026	4	7	11
20260713	2026	4	7	12
20260714	2026	4	7	13
20260715	2026	4	7	14
20260716	2026	4	7	15
20260717	2026	4	7	16
20260718	2026	4	7	17
20260719	2026	4	7	18
20260720	2026	4	7	19
20260721	2026	4	7	20
20260722	2026	4	7	21
20260723	2026	4	7	22
20260724	2026	4	7	23
20260801	2026	4	8	0
20260802	2026	4	8	1
20260803	2026	4	8	2
20260804	2026	4	8	3
20260805	2026	4	8	4
20260806	2026	4	8	5
20260807	2026	4	8	6
20260808	2026	4	8	7
20260809	2026	4	8	8
20260810	2026	4	8	9
20260811	2026	4	8	10
20260812	2026	4	8	11
20260813	2026	4	8	12
20260814	2026	4	8	13
20260815	2026	4	8	14
20260816	2026	4	8	15
20260817	2026	4	8	16
20260818	2026	4	8	17
20260819	2026	4	8	18
20260820	2026	4	8	19
20260821	2026	4	8	20
20260822	2026	4	8	21
20260823	2026	4	8	22
20260824	2026	4	8	23
20260901	2026	5	9	0
20260902	2026	5	9	1
20260903	2026	5	9	2
20260904	2026	5	9	3
20260905	2026	5	9	4
20260906	2026	5	9	5
20260907	2026	5	9	6
20260908	2026	5	9	7
20260909	2026	5	9	8
20260910	2026	5	9	9
20260911	2026	5	9	10
20260912	2026	5	9	11
20260913	2026	5	9	12
20260914	2026	5	9	13
20260915	2026	5	9	14
20260916	2026	5	9	15
20260917	2026	5	9	16
20260918	2026	5	9	17
20260919	2026	5	9	18
20260920	2026	5	9	19
20260921	2026	5	9	20
20260922	2026	5	9	21
20260923	2026	5	9	22
20260924	2026	5	9	23
20261001	2026	5	10	0
20261002	2026	5	10	1
20261003	2026	5	10	2
20261004	2026	5	10	3
20261005	2026	5	10	4
20261006	2026	5	10	5
20261007	2026	5	10	6
20261008	2026	5	10	7
20261009	2026	5	10	8
20261010	2026	5	10	9
20261011	2026	5	10	10
20261012	2026	5	10	11
20261013	2026	5	10	12
20261014	2026	5	10	13
20261015	2026	5	10	14
20261016	2026	5	10	15
20261017	2026	5	10	16
20261018	2026	5	10	17
20261019	2026	5	10	18
20261020	2026	5	10	19
20261021	2026	5	10	20
20261022	2026	5	10	21
20261023	2026	5	10	22
20261024	2026	5	10	23
20261101	2026	6	11	0
20261102	2026	6	11	1
20261103	2026	6	11	2
20261104	2026	6	11	3
20261105	2026	6	11	4
20261106	2026	6	11	5
20261107	2026	6	11	6
20261108	2026	6	11	7
20261109	2026	6	11	8
20261110	2026	6	11	9
20261111	2026	6	11	10
20261112	2026	6	11	11
20261113	2026	6	11	12
20261114	2026	6	11	13
20261115	2026	6	11	14
20261116	2026	6	11	15
20261117	2026	6	11	16
20261118	2026	6	11	17
20261119	2026	6	11	18
20261120	2026	6	11	19
20261121	2026	6	11	20
20261122	2026	6	11	21
20261123	2026	6	11	22
20261124	2026	6	11	23
20261201	2026	6	12	0
20261202	2026	6	12	1
20261203	2026	6	12	2
20261204	2026	6	12	3
20261205	2026	6	12	4
20261206	2026	6	12	5
20261207	2026	6	12	6
20261208	2026	6	12	7
20261209	2026	6	12	8
20261210	2026	6	12	9
20261211	2026	6	12	10
20261212	2026	6	12	11
20261213	2026	6	12	12
20261214	2026	6	12	13
20261215	2026	6	12	14
20261216	2026	6	12	15
20261217	2026	6	12	16
20261218	2026	6	12	17
20261219	2026	6	12	18
20261220	2026	6	12	19
20261221	2026	6	12	20
20261222	2026	6	12	21
20261223	2026	6	12	22
20261224	2026	6	12	23
20261301	2026	7	13	0
20261302	2026	7	13	1
20261303	2026	7	13	2
20261304	2026	7	13	3
20261305	2026	7	13	4
20261306	2026	7	13	5
20261307	2026	7	13	6
20261308	2026	7	13	7
20261309	2026	7	13	8
20261310	2026	7	13	9
20261311	2026	7	13	10
20261312	2026	7	13	11
20261313	2026	7	13	12
20261314	2026	7	13	13
20261315	2026	7	13	14
20261316	2026	7	13	15
20261317	2026	7	13	16
20261318	2026	7	13	17
20261319	2026	7	13	18
20261320	2026	7	13	19
20261321	2026	7	13	20
20261322	2026	7	13	21
20261323	2026	7	13	22
20261324	2026	7	13	23
20261401	2026	8	14	0
20261402	2026	8	14	1
20261403	2026	8	14	2
20261404	2026	8	14	3
20261405	2026	8	14	4
20261406	2026	8	14	5
20261407	2026	8	14	6
20261408	2026	8	14	7
20261409	2026	8	14	8
20261410	2026	8	14	9
20261411	2026	8	14	10
20261412	2026	8	14	11
20261413	2026	8	14	12
20261414	2026	8	14	13
20261415	2026	8	14	14
20261416	2026	8	14	15
20261417	2026	8	14	16
20261418	2026	8	14	17
20261419	2026	8	14	18
20261420	2026	8	14	19
20261421	2026	8	14	20
20261422	2026	8	14	21
20261423	2026	8	14	22
20261424	2026	8	14	23
20261501	2026	9	15	0
20261502	2026	9	15	1
20261503	2026	9	15	2
20261504	2026	9	15	3
20261505	2026	9	15	4
20261506	2026	9	15	5
20261507	2026	9	15	6
20261508	2026	9	15	7
20261509	2026	9	15	8
20261510	2026	9	15	9
20261511	2026	9	15	10
20261512	2026	9	15	11
20261513	2026	9	15	12
20261514	2026	9	15	13
20261515	2026	9	15	14
20261516	2026	9	15	15
20261517	2026	9	15	16
20261518	2026	9	15	17
20261519	2026	9	15	18
20261520	2026	9	15	19
20261521	2026	9	15	20
20261522	2026	9	15	21
20261523	2026	9	15	22
20261524	2026	9	15	23
20261601	2026	9	16	0
20261602	2026	9	16	1
20261603	2026	9	16	2
20261604	2026	9	16	3
20261605	2026	9	16	4
20261606	2026	9	16	5
20261607	2026	9	16	6
20261608	2026	9	16	7
20261609	2026	9	16	8
20261610	2026	9	16	9
20261611	2026	9	16	10
20261612	2026	9	16	11
20261613	2026	9	16	12
20261614	2026	9	16	13
20261615	2026	9	16	14
20261616	2026	9	16	15
20261617	2026	9	16	16
20261618	2026	9	16	17
20261619	2026	9	16	18
20261620	2026	9	16	19
20261621	2026	9	16	20
20261622	2026	9	16	21
20261623	2026	9	16	22
20261624	2026	9	16	23
20261701	2026	11	17	0
20261702	2026	11	17	1
20261703	2026	11	17	2
20261704	2026	11	17	3
20261705	2026	11	17	4
20261706	2026	11	17	5
20261707	2026	11	17	6
20261708	2026	11	17	7
20261709	2026	11	17	8
20261710	2026	11	17	9
20261711	2026	11	17	10
20261712	2026	11	17	11
20261713	2026	11	17	12
20261714	2026	11	17	13
20261715	2026	11	17	14
20261716	2026	11	17	15
20261717	2026	11	17	16
20261718	2026	11	17	17
20261719	2026	11	17	18
20261720	2026	11	17	19
20261721	2026	11	17	20
20261722	2026	11	17	21
20261723	2026	11	17	22
20261724	2026	11	17	23
20261801	2026	1	18	0
20261802	2026	1	18	1
20261803	2026	1	18	2
20261804	2026	1	18	3
20261805	2026	1	18	4
20261806	2026	1	18	5
20261807	2026	1	18	6
20261808	2026	1	18	7
20261809	2026	1	18	8
20261810	2026	1	18	9
20261811	2026	1	18	10
20261812	2026	1	18	11
20261813	2026	1	18	12
20261814	2026	1	18	13
20261815	2026	1	18	14
20261816	2026	1	18	15
20261817	2026	1	18	16
20261818	2026	1	18	17
20261819	2026	1	18	18
20261820	2026	1	18	19
20261821	2026	1	18	20
20261822	2026	1	18	21
20261823	2026	1	18	22
20261824	2026	1	18	23
20261901	2026	4	19	0
20261902	2026	4	19	1
20261903	2026	4	19	2
20261904	2026	4	19	3
20261905	2026	4	19	4
20261906	2026	4	19	5
20261907	2026	4	19	6
20261908	2026	4	19	7
20261909	2026	4	19	8
20261910	2026	4	19	9
20261911	2026	4	19	10
20261912	2026	4	19	11
20261913	2026	4	19	12
20261914	2026	4	19	13
20261915	2026	4	19	14
20261916	2026	4	19	15
20261917	2026	4	19	16
20261918	2026	4	19	17
20261919	2026	4	19	18
20261920	2026	4	19	19
20261921	2026	4	19	20
20261922	2026	4	19	21
20261923	2026	4	19	22
20261924	2026	4	19	23
20262001	2026	5	20	0
20262002	2026	5	20	1
20262003	2026	5	20	2
20262004	2026	5	20	3
20262005	2026	5	20	4
20262006	2026	5	20	5
20262007	2026	5	20	6
20262008	2026	5	20	7
20262009	2026	5	20	8
20262010	2026	5	20	9
20262011	2026	5	20	10
20262012	2026	5	20	11
20262013	2026	5	20	12
20262014	2026	5	20	13
20262015	2026	5	20	14
20262016	2026	5	20	15
20262017	2026	5	20	16
20262018	2026	5	20	17
20262019	2026	5	20	18
20262020	2026	5	20	19
20262021	2026	5	20	20
20262022	2026	5	20	21
20262023	2026	5	20	22
20262024	2026	5	20	23
20262101	2026	5	21	0
20262102	2026	5	21	1
20262103	2026	5	21	2
20262104	2026	5	21	3
20262105	2026	5	21	4
20262106	2026	5	21	5
20262107	2026	5	21	6
20262108	2026	5	21	7
20262109	2026	5	21	8
20262110	2026	5	21	9
20262111	2026	5	21	10
20262112	2026	5	21	11
20262113	2026	5	21	12
20262114	2026	5	21	13
20262115	2026	5	21	14
20262116	2026	5	21	15
20262117	2026	5	21	16
20262118	2026	5	21	17
20262119	2026	5	21	18
20262120	2026	5	21	19
20262121	2026	5	21	20
20262122	2026	5	21	21
20262123	2026	5	21	22
20262124	2026	5	21	23
20262201	2026	6	22	0
20262202	2026	6	22	1
20262203	2026	6	22	2
20262204	2026	6	22	3
20262205	2026	6	22	4
20262206	2026	6	22	5
20262207	2026	6	22	6
20262208	2026	6	22	7
20262209	2026	6	22	8
20262210	2026	6	22	9
20262211	2026	6	22	10
20262212	2026	6	22	11
20262213	2026	6	22	12
20262214	2026	6	22	13
20262215	2026	6	22	14
20262216	2026	6	22	15
20262217	2026	6	22	16
20262218	2026	6	22	17
20262219	2026	6	22	18
20262220	2026	6	22	19
20262221	2026	6	22	20
20262222	2026	6	22	21
20262223	2026	6	22	22
20262224	2026	6	22	23
20262301	2026	8	23	0
20262302	2026	8	23	1
20262303	2026	8	23	2
20262304	2026	8	23	3
20262305	2026	8	23	4
20262306	2026	8	23	5
20262307	2026	8	23	6
20262308	2026	8	23	7
20262309	2026	8	23	8
20262310	2026	8	23	9
20262311	2026	8	23	10
20262312	2026	8	23	11
20262313	2026	8	23	12
20262314	2026	8	23	13
20262315	2026	8	23	14
20262316	2026	8	23	15
20262317	2026	8	23	16
20262318	2026	8	23	17
20262319	2026	8	23	18
20262320	2026	8	23	19
20262321	2026	8	23	20
20262322	2026	8	23	21
20262323	2026	8	23	22
20262324	2026	8	23	23
20262401	2026	10	24	0
20262402	2026	10	24	1
20262403	2026	10	24	2
20262404	2026	10	24	3
20262405	2026	10	24	4
20262406	2026	10	24	5
20262407	2026	10	24	6
20262408	2026	10	24	7
20262409	2026	10	24	8
20262410	2026	10	24	9
20262411	2026	10	24	10
20262412	2026	10	24	11
20262413	2026	10	24	12
20262414	2026	10	24	13
20262415	2026	10	24	14
20262416	2026	10	24	15
20262417	2026	10	24	16
20262418	2026	10	24	17
20262419	2026	10	24	18
20262420	2026	10	24	19
20262421	2026	10	24	20
20262422	2026	10	24	21
20262423	2026	10	24	22
20262424	2026	10	24	23
20262501	2026	11	25	0
20262502	2026	11	25	1
20262503	2026	11	25	2
20262504	2026	11	25	3
20262505	2026	11	25	4
20262506	2026	11	25	5
20262507	2026	11	25	6
20262508	2026	11	25	7
20262509	2026	11	25	8
20262510	2026	11	25	9
20262511	2026	11	25	10
20262512	2026	11	25	11
20262513	2026	11	25	12
20262514	2026	11	25	13
20262515	2026	11	25	14
20262516	2026	11	25	15
20262517	2026	11	25	16
20262518	2026	11	25	17
20262519	2026	11	25	18
20262520	2026	11	25	19
20262521	2026	11	25	20
20262522	2026	11	25	21
20262523	2026	11	25	22
20262524	2026	11	25	23
20262601	2026	12	26	0
20262602	2026	12	26	1
20262603	2026	12	26	2
20262604	2026	12	26	3
20262605	2026	12	26	4
20262606	2026	12	26	5
20262607	2026	12	26	6
20262608	2026	12	26	7
20262609	2026	12	26	8
20262610	2026	12	26	9
20262611	2026	12	26	10
20262612	2026	12	26	11
20262613	2026	12	26	12
20262614	2026	12	26	13
20262615	2026	12	26	14
20262616	2026	12	26	15
20262617	2026	12	26	16
20262618	2026	12	26	17
20262619	2026	12	26	18
20262620	2026	12	26	19
20262621	2026	12	26	20
20262622	2026	12	26	21
20262623	2026	12	26	22
20262624	2026	12	26	23
20262701	2026	1	27	0
20262702	2026	1	27	1
20262703	2026	1	27	2
20262704	2026	1	27	3
20262705	2026	1	27	4
20262706	2026	1	27	5
20262707	2026	1	27	6
20262708	2026	1	27	7
20262709	2026	1	27	8
20262710	2026	1	27	9
20262711	2026	1	27	10
20262712	2026	1	27	11
20262713	2026	1	27	12
20262714	2026	1	27	13
20262715	2026	1	27	14
20262716	2026	1	27	15
20262717	2026	1	27	16
20262718	2026	1	27	17
20262719	2026	1	27	18
20262720	2026	1	27	19
20262721	2026	1	27	20
20262722	2026	1	27	21
20262723	2026	1	27	22
20262724	2026	1	27	23
20262801	2026	1	28	0
20262802	2026	1	28	1
20262803	2026	1	28	2
20262804	2026	1	28	3
20262805	2026	1	28	4
20262806	2026	1	28	5
20262807	2026	1	28	6
20262808	2026	1	28	7
20262809	2026	1	28	8
20262810	2026	1	28	9
20262811	2026	1	28	10
20262812	2026	1	28	11
20262813	2026	1	28	12
20262814	2026	1	28	13
20262815	2026	1	28	14
20262816	2026	1	28	15
20262817	2026	1	28	16
20262818	2026	1	28	17
20262819	2026	1	28	18
20262820	2026	1	28	19
20262821	2026	1	28	20
20262822	2026	1	28	21
20262823	2026	1	28	22
20262824	2026	1	28	23
20262901	2026	3	29	0
20262902	2026	3	29	1
20262903	2026	3	29	2
20262904	2026	3	29	3
20262905	2026	3	29	4
20262906	2026	3	29	5
20262907	2026	3	29	6
20262908	2026	3	29	7
20262909	2026	3	29	8
20262910	2026	3	29	9
20262911	2026	3	29	10
20262912	2026	3	29	11
20262913	2026	3	29	12
20262914	2026	3	29	13
20262915	2026	3	29	14
20262916	2026	3	29	15
20262917	2026	3	29	16
20262918	2026	3	29	17
20262919	2026	3	29	18
20262920	2026	3	29	19
20262921	2026	3	29	20
20262922	2026	3	29	21
20262923	2026	3	29	22
20262924	2026	3	29	23
20263001	2026	4	30	0
20263002	2026	4	30	1
20263003	2026	4	30	2
20263004	2026	4	30	3
20263005	2026	4	30	4
20263006	2026	4	30	5
20263007	2026	4	30	6
20263008	2026	4	30	7
20263009	2026	4	30	8
20263010	2026	4	30	9
20263011	2026	4	30	10
20263012	2026	4	30	11
20263013	2026	4	30	12
20263014	2026	4	30	13
20263015	2026	4	30	14
20263016	2026	4	30	15
20263017	2026	4	30	16
20263018	2026	4	30	17
20263019	2026	4	30	18
20263020	2026	4	30	19
20263021	2026	4	30	20
20263022	2026	4	30	21
20263023	2026	4	30	22
20263024	2026	4	30	23
20263101	2026	4	31	0
20263102	2026	4	31	1
20263103	2026	4	31	2
20263104	2026	4	31	3
20263105	2026	4	31	4
20263106	2026	4	31	5
20263107	2026	4	31	6
20263108	2026	4	31	7
20263109	2026	4	31	8
20263110	2026	4	31	9
20263111	2026	4	31	10
20263112	2026	4	31	11
20263113	2026	4	31	12
20263114	2026	4	31	13
20263115	2026	4	31	14
20263116	2026	4	31	15
20263117	2026	4	31	16
20263118	2026	4	31	17
20263119	2026	4	31	18
20263120	2026	4	31	19
20263121	2026	4	31	20
20263122	2026	4	31	21
20263123	2026	4	31	22
20263124	2026	4	31	23
20263201	2026	4	32	0
20263202	2026	4	32	1
20263203	2026	4	32	2
20263204	2026	4	32	3
20263205	2026	4	32	4
20263206	2026	4	32	5
20263207	2026	4	32	6
20263208	2026	4	32	7
20263209	2026	4	32	8
20263210	2026	4	32	9
20263211	2026	4	32	10
20263212	2026	4	32	11
20263213	2026	4	32	12
20263214	2026	4	32	13
20263215	2026	4	32	14
20263216	2026	4	32	15
20263217	2026	4	32	16
20263218	2026	4	32	17
20263219	2026	4	32	18
20263220	2026	4	32	19
20263221	2026	4	32	20
20263222	2026	4	32	21
20263223	2026	4	32	22
20263224	2026	4	32	23
20263301	2026	4	33	0
20263302	2026	4	33	1
20263303	2026	4	33	2
20263304	2026	4	33	3
20263305	2026	4	33	4
20263306	2026	4	33	5
20263307	2026	4	33	6
20263308	2026	4	33	7
20263309	2026	4	33	8
20263310	2026	4	33	9
20263311	2026	4	33	10
20263312	2026	4	33	11
20263313	2026	4	33	12
20263314	2026	4	33	13
20263315	2026	4	33	14
20263316	2026	4	33	15
20263317	2026	4	33	16
20263318	2026	4	33	17
20263319	2026	4	33	18
20263320	2026	4	33	19
20263321	2026	4	33	20
20263322	2026	4	33	21
20263323	2026	4	33	22
20263324	2026	4	33	23
20263401	2026	4	34	0
20263402	2026	4	34	1
20263403	2026	4	34	2
20263404	2026	4	34	3
20263405	2026	4	34	4
20263406	2026	4	34	5
20263407	2026	4	34	6
20263408	2026	4	34	7
20263409	2026	4	34	8
20263410	2026	4	34	9
20263411	2026	4	34	10
20263412	2026	4	34	11
20263413	2026	4	34	12
20263414	2026	4	34	13
20263415	2026	4	34	14
20263416	2026	4	34	15
20263417	2026	4	34	16
20263418	2026	4	34	17
20263419	2026	4	34	18
20263420	2026	4	34	19
20263421	2026	4	34	20
20263422	2026	4	34	21
20263423	2026	4	34	22
20263424	2026	4	34	23
20263501	2026	6	35	0
20263502	2026	6	35	1
20263503	2026	6	35	2
20263504	2026	6	35	3
20263505	2026	6	35	4
20263506	2026	6	35	5
20263507	2026	6	35	6
20263508	2026	6	35	7
20263509	2026	6	35	8
20263510	2026	6	35	9
20263511	2026	6	35	10
20263512	2026	6	35	11
20263513	2026	6	35	12
20263514	2026	6	35	13
20263515	2026	6	35	14
20263516	2026	6	35	15
20263517	2026	6	35	16
20263518	2026	6	35	17
20263519	2026	6	35	18
20263520	2026	6	35	19
20263521	2026	6	35	20
20263522	2026	6	35	21
20263523	2026	6	35	22
20263524	2026	6	35	23
20263601	2026	8	36	0
20263602	2026	8	36	1
20263603	2026	8	36	2
20263604	2026	8	36	3
20263605	2026	8	36	4
20263606	2026	8	36	5
20263607	2026	8	36	6
20263608	2026	8	36	7
20263609	2026	8	36	8
20263610	2026	8	36	9
20263611	2026	8	36	10
20263612	2026	8	36	11
20263613	2026	8	36	12
20263614	2026	8	36	13
20263615	2026	8	36	14
20263616	2026	8	36	15
20263617	2026	8	36	16
20263618	2026	8	36	17
20263619	2026	8	36	18
20263620	2026	8	36	19
20263621	2026	8	36	20
20263622	2026	8	36	21
20263623	2026	8	36	22
20263624	2026	8	36	23
20263701	2026	10	37	0
20263702	2026	10	37	1
20263703	2026	10	37	2
20263704	2026	10	37	3
20263705	2026	10	37	4
20263706	2026	10	37	5
20263707	2026	10	37	6
20263708	2026	10	37	7
20263709	2026	10	37	8
20263710	2026	10	37	9
20263711	2026	10	37	10
20263712	2026	10	37	11
20263713	2026	10	37	12
20263714	2026	10	37	13
20263715	2026	10	37	14
20263716	2026	10	37	15
20263717	2026	10	37	16
20263718	2026	10	37	17
20263719	2026	10	37	18
20263720	2026	10	37	19
20263721	2026	10	37	20
20263722	2026	10	37	21
20263723	2026	10	37	22
20263724	2026	10	37	23
20300101	2030	1	1	0
20300102	2030	1	1	1
20300103	2030	1	1	2
20300104	2030	1	1	3
20300105	2030	1	1	4
20300106	2030	1	1	5
20300107	2030	1	1	6
20300108	2030	1	1	7
20300109	2030	1	1	8
20300110	2030	1	1	9
20300111	2030	1	1	10
20300112	2030	1	1	11
20300113	2030	1	1	12
20300114	2030	1	1	13
20300115	2030	1	1	14
20300116	2030	1	1	15
20300117	2030	1	1	16
20300118	2030	1	1	17
20300119	2030	1	1	18
20300120	2030	1	1	19
20300121	2030	1	1	20
20300122	2030	1	1	21
20300123	2030	1	1	22
20300124	2030	1	1	23
20300201	2030	1	2	0
20300202	2030	1	2	1
20300203	2030	1	2	2
20300204	2030	1	2	3
20300205	2030	1	2	4
20300206	2030	1	2	5
20300207	2030	1	2	6
20300208	2030	1	2	7
20300209	2030	1	2	8
20300210	2030	1	2	9
20300211	2030	1	2	10
20300212	2030	1	2	11
20300213	2030	1	2	12
20300214	2030	1	2	13
20300215	2030	1	2	14
20300216	2030	1	2	15
20300217	2030	1	2	16
20300218	2030	1	2	17
20300219	2030	1	2	18
20300220	2030	1	2	19
20300221	2030	1	2	20
20300222	2030	1	2	21
20300223	2030	1	2	22
20300224	2030	1	2	23
20300301	2030	2	3	0
20300302	2030	2	3	1
20300303	2030	2	3	2
20300304	2030	2	3	3
20300305	2030	2	3	4
20300306	2030	2	3	5
20300307	2030	2	3	6
20300308	2030	2	3	7
20300309	2030	2	3	8
20300310	2030	2	3	9
20300311	2030	2	3	10
20300312	2030	2	3	11
20300313	2030	2	3	12
20300314	2030	2	3	13
20300315	2030	2	3	14
20300316	2030	2	3	15
20300317	2030	2	3	16
20300318	2030	2	3	17
20300319	2030	2	3	18
20300320	2030	2	3	19
20300321	2030	2	3	20
20300322	2030	2	3	21
20300323	2030	2	3	22
20300324	2030	2	3	23
20300401	2030	3	4	0
20300402	2030	3	4	1
20300403	2030	3	4	2
20300404	2030	3	4	3
20300405	2030	3	4	4
20300406	2030	3	4	5
20300407	2030	3	4	6
20300408	2030	3	4	7
20300409	2030	3	4	8
20300410	2030	3	4	9
20300411	2030	3	4	10
20300412	2030	3	4	11
20300413	2030	3	4	12
20300414	2030	3	4	13
20300415	2030	3	4	14
20300416	2030	3	4	15
20300417	2030	3	4	16
20300418	2030	3	4	17
20300419	2030	3	4	18
20300420	2030	3	4	19
20300421	2030	3	4	20
20300422	2030	3	4	21
20300423	2030	3	4	22
20300424	2030	3	4	23
20300501	2030	3	5	0
20300502	2030	3	5	1
20300503	2030	3	5	2
20300504	2030	3	5	3
20300505	2030	3	5	4
20300506	2030	3	5	5
20300507	2030	3	5	6
20300508	2030	3	5	7
20300509	2030	3	5	8
20300510	2030	3	5	9
20300511	2030	3	5	10
20300512	2030	3	5	11
20300513	2030	3	5	12
20300514	2030	3	5	13
20300515	2030	3	5	14
20300516	2030	3	5	15
20300517	2030	3	5	16
20300518	2030	3	5	17
20300519	2030	3	5	18
20300520	2030	3	5	19
20300521	2030	3	5	20
20300522	2030	3	5	21
20300523	2030	3	5	22
20300524	2030	3	5	23
20300601	2030	4	6	0
20300602	2030	4	6	1
20300603	2030	4	6	2
20300604	2030	4	6	3
20300605	2030	4	6	4
20300606	2030	4	6	5
20300607	2030	4	6	6
20300608	2030	4	6	7
20300609	2030	4	6	8
20300610	2030	4	6	9
20300611	2030	4	6	10
20300612	2030	4	6	11
20300613	2030	4	6	12
20300614	2030	4	6	13
20300615	2030	4	6	14
20300616	2030	4	6	15
20300617	2030	4	6	16
20300618	2030	4	6	17
20300619	2030	4	6	18
20300620	2030	4	6	19
20300621	2030	4	6	20
20300622	2030	4	6	21
20300623	2030	4	6	22
20300624	2030	4	6	23
20300701	2030	4	7	0
20300702	2030	4	7	1
20300703	2030	4	7	2
20300704	2030	4	7	3
20300705	2030	4	7	4
20300706	2030	4	7	5
20300707	2030	4	7	6
20300708	2030	4	7	7
20300709	2030	4	7	8
20300710	2030	4	7	9
20300711	2030	4	7	10
20300712	2030	4	7	11
20300713	2030	4	7	12
20300714	2030	4	7	13
20300715	2030	4	7	14
20300716	2030	4	7	15
20300717	2030	4	7	16
20300718	2030	4	7	17
20300719	2030	4	7	18
20300720	2030	4	7	19
20300721	2030	4	7	20
20300722	2030	4	7	21
20300723	2030	4	7	22
20300724	2030	4	7	23
20300801	2030	4	8	0
20300802	2030	4	8	1
20300803	2030	4	8	2
20300804	2030	4	8	3
20300805	2030	4	8	4
20300806	2030	4	8	5
20300807	2030	4	8	6
20300808	2030	4	8	7
20300809	2030	4	8	8
20300810	2030	4	8	9
20300811	2030	4	8	10
20300812	2030	4	8	11
20300813	2030	4	8	12
20300814	2030	4	8	13
20300815	2030	4	8	14
20300816	2030	4	8	15
20300817	2030	4	8	16
20300818	2030	4	8	17
20300819	2030	4	8	18
20300820	2030	4	8	19
20300821	2030	4	8	20
20300822	2030	4	8	21
20300823	2030	4	8	22
20300824	2030	4	8	23
20300901	2030	5	9	0
20300902	2030	5	9	1
20300903	2030	5	9	2
20300904	2030	5	9	3
20300905	2030	5	9	4
20300906	2030	5	9	5
20300907	2030	5	9	6
20300908	2030	5	9	7
20300909	2030	5	9	8
20300910	2030	5	9	9
20300911	2030	5	9	10
20300912	2030	5	9	11
20300913	2030	5	9	12
20300914	2030	5	9	13
20300915	2030	5	9	14
20300916	2030	5	9	15
20300917	2030	5	9	16
20300918	2030	5	9	17
20300919	2030	5	9	18
20300920	2030	5	9	19
20300921	2030	5	9	20
20300922	2030	5	9	21
20300923	2030	5	9	22
20300924	2030	5	9	23
20301001	2030	5	10	0
20301002	2030	5	10	1
20301003	2030	5	10	2
20301004	2030	5	10	3
20301005	2030	5	10	4
20301006	2030	5	10	5
20301007	2030	5	10	6
20301008	2030	5	10	7
20301009	2030	5	10	8
20301010	2030	5	10	9
20301011	2030	5	10	10
20301012	2030	5	10	11
20301013	2030	5	10	12
20301014	2030	5	10	13
20301015	2030	5	10	14
20301016	2030	5	10	15
20301017	2030	5	10	16
20301018	2030	5	10	17
20301019	2030	5	10	18
20301020	2030	5	10	19
20301021	2030	5	10	20
20301022	2030	5	10	21
20301023	2030	5	10	22
20301024	2030	5	10	23
20301101	2030	6	11	0
20301102	2030	6	11	1
20301103	2030	6	11	2
20301104	2030	6	11	3
20301105	2030	6	11	4
20301106	2030	6	11	5
20301107	2030	6	11	6
20301108	2030	6	11	7
20301109	2030	6	11	8
20301110	2030	6	11	9
20301111	2030	6	11	10
20301112	2030	6	11	11
20301113	2030	6	11	12
20301114	2030	6	11	13
20301115	2030	6	11	14
20301116	2030	6	11	15
20301117	2030	6	11	16
20301118	2030	6	11	17
20301119	2030	6	11	18
20301120	2030	6	11	19
20301121	2030	6	11	20
20301122	2030	6	11	21
20301123	2030	6	11	22
20301124	2030	6	11	23
20301201	2030	6	12	0
20301202	2030	6	12	1
20301203	2030	6	12	2
20301204	2030	6	12	3
20301205	2030	6	12	4
20301206	2030	6	12	5
20301207	2030	6	12	6
20301208	2030	6	12	7
20301209	2030	6	12	8
20301210	2030	6	12	9
20301211	2030	6	12	10
20301212	2030	6	12	11
20301213	2030	6	12	12
20301214	2030	6	12	13
20301215	2030	6	12	14
20301216	2030	6	12	15
20301217	2030	6	12	16
20301218	2030	6	12	17
20301219	2030	6	12	18
20301220	2030	6	12	19
20301221	2030	6	12	20
20301222	2030	6	12	21
20301223	2030	6	12	22
20301224	2030	6	12	23
20301301	2030	7	13	0
20301302	2030	7	13	1
20301303	2030	7	13	2
20301304	2030	7	13	3
20301305	2030	7	13	4
20301306	2030	7	13	5
20301307	2030	7	13	6
20301308	2030	7	13	7
20301309	2030	7	13	8
20301310	2030	7	13	9
20301311	2030	7	13	10
20301312	2030	7	13	11
20301313	2030	7	13	12
20301314	2030	7	13	13
20301315	2030	7	13	14
20301316	2030	7	13	15
20301317	2030	7	13	16
20301318	2030	7	13	17
20301319	2030	7	13	18
20301320	2030	7	13	19
20301321	2030	7	13	20
20301322	2030	7	13	21
20301323	2030	7	13	22
20301324	2030	7	13	23
20301401	2030	8	14	0
20301402	2030	8	14	1
20301403	2030	8	14	2
20301404	2030	8	14	3
20301405	2030	8	14	4
20301406	2030	8	14	5
20301407	2030	8	14	6
20301408	2030	8	14	7
20301409	2030	8	14	8
20301410	2030	8	14	9
20301411	2030	8	14	10
20301412	2030	8	14	11
20301413	2030	8	14	12
20301414	2030	8	14	13
20301415	2030	8	14	14
20301416	2030	8	14	15
20301417	2030	8	14	16
20301418	2030	8	14	17
20301419	2030	8	14	18
20301420	2030	8	14	19
20301421	2030	8	14	20
20301422	2030	8	14	21
20301423	2030	8	14	22
20301424	2030	8	14	23
20301501	2030	9	15	0
20301502	2030	9	15	1
20301503	2030	9	15	2
20301504	2030	9	15	3
20301505	2030	9	15	4
20301506	2030	9	15	5
20301507	2030	9	15	6
20301508	2030	9	15	7
20301509	2030	9	15	8
20301510	2030	9	15	9
20301511	2030	9	15	10
20301512	2030	9	15	11
20301513	2030	9	15	12
20301514	2030	9	15	13
20301515	2030	9	15	14
20301516	2030	9	15	15
20301517	2030	9	15	16
20301518	2030	9	15	17
20301519	2030	9	15	18
20301520	2030	9	15	19
20301521	2030	9	15	20
20301522	2030	9	15	21
20301523	2030	9	15	22
20301524	2030	9	15	23
20301601	2030	9	16	0
20301602	2030	9	16	1
20301603	2030	9	16	2
20301604	2030	9	16	3
20301605	2030	9	16	4
20301606	2030	9	16	5
20301607	2030	9	16	6
20301608	2030	9	16	7
20301609	2030	9	16	8
20301610	2030	9	16	9
20301611	2030	9	16	10
20301612	2030	9	16	11
20301613	2030	9	16	12
20301614	2030	9	16	13
20301615	2030	9	16	14
20301616	2030	9	16	15
20301617	2030	9	16	16
20301618	2030	9	16	17
20301619	2030	9	16	18
20301620	2030	9	16	19
20301621	2030	9	16	20
20301622	2030	9	16	21
20301623	2030	9	16	22
20301624	2030	9	16	23
20301701	2030	11	17	0
20301702	2030	11	17	1
20301703	2030	11	17	2
20301704	2030	11	17	3
20301705	2030	11	17	4
20301706	2030	11	17	5
20301707	2030	11	17	6
20301708	2030	11	17	7
20301709	2030	11	17	8
20301710	2030	11	17	9
20301711	2030	11	17	10
20301712	2030	11	17	11
20301713	2030	11	17	12
20301714	2030	11	17	13
20301715	2030	11	17	14
20301716	2030	11	17	15
20301717	2030	11	17	16
20301718	2030	11	17	17
20301719	2030	11	17	18
20301720	2030	11	17	19
20301721	2030	11	17	20
20301722	2030	11	17	21
20301723	2030	11	17	22
20301724	2030	11	17	23
20301801	2030	1	18	0
20301802	2030	1	18	1
20301803	2030	1	18	2
20301804	2030	1	18	3
20301805	2030	1	18	4
20301806	2030	1	18	5
20301807	2030	1	18	6
20301808	2030	1	18	7
20301809	2030	1	18	8
20301810	2030	1	18	9
20301811	2030	1	18	10
20301812	2030	1	18	11
20301813	2030	1	18	12
20301814	2030	1	18	13
20301815	2030	1	18	14
20301816	2030	1	18	15
20301817	2030	1	18	16
20301818	2030	1	18	17
20301819	2030	1	18	18
20301820	2030	1	18	19
20301821	2030	1	18	20
20301822	2030	1	18	21
20301823	2030	1	18	22
20301824	2030	1	18	23
20301901	2030	4	19	0
20301902	2030	4	19	1
20301903	2030	4	19	2
20301904	2030	4	19	3
20301905	2030	4	19	4
20301906	2030	4	19	5
20301907	2030	4	19	6
20301908	2030	4	19	7
20301909	2030	4	19	8
20301910	2030	4	19	9
20301911	2030	4	19	10
20301912	2030	4	19	11
20301913	2030	4	19	12
20301914	2030	4	19	13
20301915	2030	4	19	14
20301916	2030	4	19	15
20301917	2030	4	19	16
20301918	2030	4	19	17
20301919	2030	4	19	18
20301920	2030	4	19	19
20301921	2030	4	19	20
20301922	2030	4	19	21
20301923	2030	4	19	22
20301924	2030	4	19	23
20302001	2030	5	20	0
20302002	2030	5	20	1
20302003	2030	5	20	2
20302004	2030	5	20	3
20302005	2030	5	20	4
20302006	2030	5	20	5
20302007	2030	5	20	6
20302008	2030	5	20	7
20302009	2030	5	20	8
20302010	2030	5	20	9
20302011	2030	5	20	10
20302012	2030	5	20	11
20302013	2030	5	20	12
20302014	2030	5	20	13
20302015	2030	5	20	14
20302016	2030	5	20	15
20302017	2030	5	20	16
20302018	2030	5	20	17
20302019	2030	5	20	18
20302020	2030	5	20	19
20302021	2030	5	20	20
20302022	2030	5	20	21
20302023	2030	5	20	22
20302024	2030	5	20	23
20302101	2030	5	21	0
20302102	2030	5	21	1
20302103	2030	5	21	2
20302104	2030	5	21	3
20302105	2030	5	21	4
20302106	2030	5	21	5
20302107	2030	5	21	6
20302108	2030	5	21	7
20302109	2030	5	21	8
20302110	2030	5	21	9
20302111	2030	5	21	10
20302112	2030	5	21	11
20302113	2030	5	21	12
20302114	2030	5	21	13
20302115	2030	5	21	14
20302116	2030	5	21	15
20302117	2030	5	21	16
20302118	2030	5	21	17
20302119	2030	5	21	18
20302120	2030	5	21	19
20302121	2030	5	21	20
20302122	2030	5	21	21
20302123	2030	5	21	22
20302124	2030	5	21	23
20302201	2030	6	22	0
20302202	2030	6	22	1
20302203	2030	6	22	2
20302204	2030	6	22	3
20302205	2030	6	22	4
20302206	2030	6	22	5
20302207	2030	6	22	6
20302208	2030	6	22	7
20302209	2030	6	22	8
20302210	2030	6	22	9
20302211	2030	6	22	10
20302212	2030	6	22	11
20302213	2030	6	22	12
20302214	2030	6	22	13
20302215	2030	6	22	14
20302216	2030	6	22	15
20302217	2030	6	22	16
20302218	2030	6	22	17
20302219	2030	6	22	18
20302220	2030	6	22	19
20302221	2030	6	22	20
20302222	2030	6	22	21
20302223	2030	6	22	22
20302224	2030	6	22	23
20302301	2030	8	23	0
20302302	2030	8	23	1
20302303	2030	8	23	2
20302304	2030	8	23	3
20302305	2030	8	23	4
20302306	2030	8	23	5
20302307	2030	8	23	6
20302308	2030	8	23	7
20302309	2030	8	23	8
20302310	2030	8	23	9
20302311	2030	8	23	10
20302312	2030	8	23	11
20302313	2030	8	23	12
20302314	2030	8	23	13
20302315	2030	8	23	14
20302316	2030	8	23	15
20302317	2030	8	23	16
20302318	2030	8	23	17
20302319	2030	8	23	18
20302320	2030	8	23	19
20302321	2030	8	23	20
20302322	2030	8	23	21
20302323	2030	8	23	22
20302324	2030	8	23	23
20302401	2030	10	24	0
20302402	2030	10	24	1
20302403	2030	10	24	2
20302404	2030	10	24	3
20302405	2030	10	24	4
20302406	2030	10	24	5
20302407	2030	10	24	6
20302408	2030	10	24	7
20302409	2030	10	24	8
20302410	2030	10	24	9
20302411	2030	10	24	10
20302412	2030	10	24	11
20302413	2030	10	24	12
20302414	2030	10	24	13
20302415	2030	10	24	14
20302416	2030	10	24	15
20302417	2030	10	24	16
20302418	2030	10	24	17
20302419	2030	10	24	18
20302420	2030	10	24	19
20302421	2030	10	24	20
20302422	2030	10	24	21
20302423	2030	10	24	22
20302424	2030	10	24	23
20302501	2030	11	25	0
20302502	2030	11	25	1
20302503	2030	11	25	2
20302504	2030	11	25	3
20302505	2030	11	25	4
20302506	2030	11	25	5
20302507	2030	11	25	6
20302508	2030	11	25	7
20302509	2030	11	25	8
20302510	2030	11	25	9
20302511	2030	11	25	10
20302512	2030	11	25	11
20302513	2030	11	25	12
20302514	2030	11	25	13
20302515	2030	11	25	14
20302516	2030	11	25	15
20302517	2030	11	25	16
20302518	2030	11	25	17
20302519	2030	11	25	18
20302520	2030	11	25	19
20302521	2030	11	25	20
20302522	2030	11	25	21
20302523	2030	11	25	22
20302524	2030	11	25	23
20302601	2030	12	26	0
20302602	2030	12	26	1
20302603	2030	12	26	2
20302604	2030	12	26	3
20302605	2030	12	26	4
20302606	2030	12	26	5
20302607	2030	12	26	6
20302608	2030	12	26	7
20302609	2030	12	26	8
20302610	2030	12	26	9
20302611	2030	12	26	10
20302612	2030	12	26	11
20302613	2030	12	26	12
20302614	2030	12	26	13
20302615	2030	12	26	14
20302616	2030	12	26	15
20302617	2030	12	26	16
20302618	2030	12	26	17
20302619	2030	12	26	18
20302620	2030	12	26	19
20302621	2030	12	26	20
20302622	2030	12	26	21
20302623	2030	12	26	22
20302624	2030	12	26	23
20302701	2030	1	27	0
20302702	2030	1	27	1
20302703	2030	1	27	2
20302704	2030	1	27	3
20302705	2030	1	27	4
20302706	2030	1	27	5
20302707	2030	1	27	6
20302708	2030	1	27	7
20302709	2030	1	27	8
20302710	2030	1	27	9
20302711	2030	1	27	10
20302712	2030	1	27	11
20302713	2030	1	27	12
20302714	2030	1	27	13
20302715	2030	1	27	14
20302716	2030	1	27	15
20302717	2030	1	27	16
20302718	2030	1	27	17
20302719	2030	1	27	18
20302720	2030	1	27	19
20302721	2030	1	27	20
20302722	2030	1	27	21
20302723	2030	1	27	22
20302724	2030	1	27	23
20302801	2030	1	28	0
20302802	2030	1	28	1
20302803	2030	1	28	2
20302804	2030	1	28	3
20302805	2030	1	28	4
20302806	2030	1	28	5
20302807	2030	1	28	6
20302808	2030	1	28	7
20302809	2030	1	28	8
20302810	2030	1	28	9
20302811	2030	1	28	10
20302812	2030	1	28	11
20302813	2030	1	28	12
20302814	2030	1	28	13
20302815	2030	1	28	14
20302816	2030	1	28	15
20302817	2030	1	28	16
20302818	2030	1	28	17
20302819	2030	1	28	18
20302820	2030	1	28	19
20302821	2030	1	28	20
20302822	2030	1	28	21
20302823	2030	1	28	22
20302824	2030	1	28	23
20302901	2030	3	29	0
20302902	2030	3	29	1
20302903	2030	3	29	2
20302904	2030	3	29	3
20302905	2030	3	29	4
20302906	2030	3	29	5
20302907	2030	3	29	6
20302908	2030	3	29	7
20302909	2030	3	29	8
20302910	2030	3	29	9
20302911	2030	3	29	10
20302912	2030	3	29	11
20302913	2030	3	29	12
20302914	2030	3	29	13
20302915	2030	3	29	14
20302916	2030	3	29	15
20302917	2030	3	29	16
20302918	2030	3	29	17
20302919	2030	3	29	18
20302920	2030	3	29	19
20302921	2030	3	29	20
20302922	2030	3	29	21
20302923	2030	3	29	22
20302924	2030	3	29	23
20303001	2030	4	30	0
20303002	2030	4	30	1
20303003	2030	4	30	2
20303004	2030	4	30	3
20303005	2030	4	30	4
20303006	2030	4	30	5
20303007	2030	4	30	6
20303008	2030	4	30	7
20303009	2030	4	30	8
20303010	2030	4	30	9
20303011	2030	4	30	10
20303012	2030	4	30	11
20303013	2030	4	30	12
20303014	2030	4	30	13
20303015	2030	4	30	14
20303016	2030	4	30	15
20303017	2030	4	30	16
20303018	2030	4	30	17
20303019	2030	4	30	18
20303020	2030	4	30	19
20303021	2030	4	30	20
20303022	2030	4	30	21
20303023	2030	4	30	22
20303024	2030	4	30	23
20303101	2030	4	31	0
20303102	2030	4	31	1
20303103	2030	4	31	2
20303104	2030	4	31	3
20303105	2030	4	31	4
20303106	2030	4	31	5
20303107	2030	4	31	6
20303108	2030	4	31	7
20303109	2030	4	31	8
20303110	2030	4	31	9
20303111	2030	4	31	10
20303112	2030	4	31	11
20303113	2030	4	31	12
20303114	2030	4	31	13
20303115	2030	4	31	14
20303116	2030	4	31	15
20303117	2030	4	31	16
20303118	2030	4	31	17
20303119	2030	4	31	18
20303120	2030	4	31	19
20303121	2030	4	31	20
20303122	2030	4	31	21
20303123	2030	4	31	22
20303124	2030	4	31	23
20303201	2030	4	32	0
20303202	2030	4	32	1
20303203	2030	4	32	2
20303204	2030	4	32	3
20303205	2030	4	32	4
20303206	2030	4	32	5
20303207	2030	4	32	6
20303208	2030	4	32	7
20303209	2030	4	32	8
20303210	2030	4	32	9
20303211	2030	4	32	10
20303212	2030	4	32	11
20303213	2030	4	32	12
20303214	2030	4	32	13
20303215	2030	4	32	14
20303216	2030	4	32	15
20303217	2030	4	32	16
20303218	2030	4	32	17
20303219	2030	4	32	18
20303220	2030	4	32	19
20303221	2030	4	32	20
20303222	2030	4	32	21
20303223	2030	4	32	22
20303224	2030	4	32	23
20303301	2030	4	33	0
20303302	2030	4	33	1
20303303	2030	4	33	2
20303304	2030	4	33	3
20303305	2030	4	33	4
20303306	2030	4	33	5
20303307	2030	4	33	6
20303308	2030	4	33	7
20303309	2030	4	33	8
20303310	2030	4	33	9
20303311	2030	4	33	10
20303312	2030	4	33	11
20303313	2030	4	33	12
20303314	2030	4	33	13
20303315	2030	4	33	14
20303316	2030	4	33	15
20303317	2030	4	33	16
20303318	2030	4	33	17
20303319	2030	4	33	18
20303320	2030	4	33	19
20303321	2030	4	33	20
20303322	2030	4	33	21
20303323	2030	4	33	22
20303324	2030	4	33	23
20303401	2030	4	34	0
20303402	2030	4	34	1
20303403	2030	4	34	2
20303404	2030	4	34	3
20303405	2030	4	34	4
20303406	2030	4	34	5
20303407	2030	4	34	6
20303408	2030	4	34	7
20303409	2030	4	34	8
20303410	2030	4	34	9
20303411	2030	4	34	10
20303412	2030	4	34	11
20303413	2030	4	34	12
20303414	2030	4	34	13
20303415	2030	4	34	14
20303416	2030	4	34	15
20303417	2030	4	34	16
20303418	2030	4	34	17
20303419	2030	4	34	18
20303420	2030	4	34	19
20303421	2030	4	34	20
20303422	2030	4	34	21
20303423	2030	4	34	22
20303424	2030	4	34	23
20303501	2030	6	35	0
20303502	2030	6	35	1
20303503	2030	6	35	2
20303504	2030	6	35	3
20303505	2030	6	35	4
20303506	2030	6	35	5
20303507	2030	6	35	6
20303508	2030	6	35	7
20303509	2030	6	35	8
20303510	2030	6	35	9
20303511	2030	6	35	10
20303512	2030	6	35	11
20303513	2030	6	35	12
20303514	2030	6	35	13
20303515	2030	6	35	14
20303516	2030	6	35	15
20303517	2030	6	35	16
20303518	2030	6	35	17
20303519	2030	6	35	18
20303520	2030	6	35	19
20303521	2030	6	35	20
20303522	2030	6	35	21
20303523	2030	6	35	22
20303524	2030	6	35	23
20303601	2030	8	36	0
20303602	2030	8	36	1
20303603	2030	8	36	2
20303604	2030	8	36	3
20303605	2030	8	36	4
20303606	2030	8	36	5
20303607	2030	8	36	6
20303608	2030	8	36	7
20303609	2030	8	36	8
20303610	2030	8	36	9
20303611	2030	8	36	10
20303612	2030	8	36	11
20303613	2030	8	36	12
20303614	2030	8	36	13
20303615	2030	8	36	14
20303616	2030	8	36	15
20303617	2030	8	36	16
20303618	2030	8	36	17
20303619	2030	8	36	18
20303620	2030	8	36	19
20303621	2030	8	36	20
20303622	2030	8	36	21
20303623	2030	8	36	22
20303624	2030	8	36	23
20303701	2030	10	37	0
20303702	2030	10	37	1
20303703	2030	10	37	2
20303704	2030	10	37	3
20303705	2030	10	37	4
20303706	2030	10	37	5
20303707	2030	10	37	6
20303708	2030	10	37	7
20303709	2030	10	37	8
20303710	2030	10	37	9
20303711	2030	10	37	10
20303712	2030	10	37	11
20303713	2030	10	37	12
20303714	2030	10	37	13
20303715	2030	10	37	14
20303716	2030	10	37	15
20303717	2030	10	37	16
20303718	2030	10	37	17
20303719	2030	10	37	18
20303720	2030	10	37	19
20303721	2030	10	37	20
20303722	2030	10	37	21
20303723	2030	10	37	22
20303724	2030	10	37	23
