fuel	period	month	price
CA_Natural_Gas	2020	1	5.68026608429901
CA_Natural_Gas	2020	2	5.7577960832412
CA_Natural_Gas	2020	3	5.33506894499015
CA_Natural_Gas	2020	4	5.32817356378742
CA_Natural_Gas	2020	5	5.50876792012307
CA_Natural_Gas	2020	6	5.29812627488086
CA_Natural_Gas	2020	7	5.31551893320216
CA_Natural_Gas	2020	8	5.32485929189424
CA_Natural_Gas	2020	9	4.99742335825694
CA_Natural_Gas	2020	10	5.01205625562509
CA_Natural_Gas	2020	11	4.9369619353041
CA_Natural_Gas	2020	12	5.24806874522534
CA_Natural_Gas	2022	1	5.77626803197528
CA_Natural_Gas	2022	2	5.85398626063354
CA_Natural_Gas	2022	3	5.43023281243416
CA_Natural_Gas	2022	4	5.42332069041287
CA_Natural_Gas	2022	5	5.60435349928148
CA_Natural_Gas	2022	6	5.39320045177412
CA_Natural_Gas	2022	7	5.41063533652625
CA_Natural_Gas	2022	8	5.41999837202844
CA_Natural_Gas	2022	9	5.09176747936031
CA_Natural_Gas	2022	10	5.10643590292676
CA_Natural_Gas	2022	11	5.03115926630518
CA_Natural_Gas	2022	12	5.34302139090845
CA_Natural_Gas	2026	1	6.00708648211174
CA_Natural_Gas	2026	2	6.08531041079436
CA_Natural_Gas	2026	3	5.65879966700589
CA_Natural_Gas	2026	4	5.6518425689174
CA_Natural_Gas	2026	5	5.83405332918085
CA_Natural_Gas	2026	6	5.62152634272623
CA_Natural_Gas	2026	7	5.63907467347161
CA_Natural_Gas	2026	8	5.64849863274115
CA_Natural_Gas	2026	9	5.31813199440204
CA_Natural_Gas	2026	10	5.33289586304338
CA_Natural_Gas	2026	11	5.25712941344446
CA_Natural_Gas	2026	12	5.57102077477542
CA_Natural_Gas	2030	1	6.2752151841878
CA_Natural_Gas	2030	2	6.35377972248211
CA_Natural_Gas	2030	3	5.9254118275473
CA_Natural_Gas	2030	4	5.9184244362414
CA_Natural_Gas	2030	5	6.10142859485935
CA_Natural_Gas	2030	6	5.88797620443245
CA_Natural_Gas	2030	7	5.90560094568573
CA_Natural_Gas	2030	8	5.91506593959981
CA_Natural_Gas	2030	9	5.58326078935908
CA_Natural_Gas	2030	10	5.59808894415493
CA_Natural_Gas	2030	11	5.52199258551907
CA_Natural_Gas	2030	12	5.83725072063009
NW_Natural_Gas	2020	1	4.93466863906069
NW_Natural_Gas	2020	2	5.01319460622599
NW_Natural_Gas	2020	3	4.58503701779454
NW_Natural_Gas	2020	4	4.57805305693675
NW_Natural_Gas	2020	5	4.76096736996834
NW_Natural_Gas	2020	6	4.54761977363641
NW_Natural_Gas	2020	7	4.56523586205238
NW_Natural_Gas	2020	8	4.57469620914348
NW_Natural_Gas	2020	9	4.2430539580877
NW_Natural_Gas	2020	10	4.25787483302569
NW_Natural_Gas	2020	11	4.18181583377015
NW_Natural_Gas	2020	12	4.49691919342569
NW_Natural_Gas	2022	1	4.94480855703616
NW_Natural_Gas	2022	2	5.02349588191851
NW_Natural_Gas	2022	3	4.59445850131765
NW_Natural_Gas	2022	4	4.58746018958943
NW_Natural_Gas	2022	5	4.77075036091391
NW_Natural_Gas	2022	6	4.55696437098653
NW_Natural_Gas	2022	7	4.57461665751521
NW_Natural_Gas	2022	8	4.58409644403589
NW_Natural_Gas	2022	9	4.25177272367207
NW_Natural_Gas	2022	10	4.266624053027
NW_Natural_Gas	2022	11	4.19040876526049
NW_Natural_Gas	2022	12	4.5061596095709
NW_Natural_Gas	2026	1	4.97609822055986
NW_Natural_Gas	2026	2	5.05528346156793
NW_Natural_Gas	2026	3	4.62353122656508
NW_Natural_Gas	2026	4	4.61648863105586
NW_Natural_Gas	2026	5	4.80093862236564
NW_Natural_Gas	2026	6	4.58579984160445
NW_Natural_Gas	2026	7	4.60356382792889
NW_Natural_Gas	2026	8	4.61310360045856
NW_Natural_Gas	2026	9	4.27867700851312
NW_Natural_Gas	2026	10	4.29362231382142
NW_Natural_Gas	2026	11	4.21692475243762
NW_Natural_Gas	2026	12	4.53467359880653
NW_Natural_Gas	2030	1	5.00323397366844
NW_Natural_Gas	2030	2	5.08285102913326
NW_Natural_Gas	2030	3	4.64874435466121
NW_Natural_Gas	2030	4	4.6416633543367
NW_Natural_Gas	2030	5	4.82711919183425
NW_Natural_Gas	2030	6	4.61080721219713
NW_Natural_Gas	2030	7	4.62866806942841
NW_Natural_Gas	2030	8	4.6382598644264
NW_Natural_Gas	2030	9	4.30200957105271
NW_Natural_Gas	2030	10	4.31703637638312
NW_Natural_Gas	2030	11	4.23992056640424
NW_Natural_Gas	2030	12	4.55940216680319
SW_Natural_Gas	2020	1	3.50735857223981
SW_Natural_Gas	2020	2	3.56317158507324
SW_Natural_Gas	2020	3	3.25885486233167
SW_Natural_Gas	2020	4	3.25389095152541
SW_Natural_Gas	2020	5	3.38389888736095
SW_Natural_Gas	2020	6	3.23226023123348
SW_Natural_Gas	2020	7	3.24478101899743
SW_Natural_Gas	2020	8	3.25150504281611
SW_Natural_Gas	2020	9	3.01578743394769
SW_Natural_Gas	2020	10	3.02632149946738
SW_Natural_Gas	2020	11	2.97226190549114
SW_Natural_Gas	2020	12	3.19622435372552
SW_Natural_Gas	2022	1	3.53361418142588
SW_Natural_Gas	2022	2	3.58984500288146
SW_Natural_Gas	2022	3	3.28325020654789
SW_Natural_Gas	2022	4	3.27824913658054
SW_Natural_Gas	2022	5	3.40923029413953
SW_Natural_Gas	2022	6	3.25645649165882
SW_Natural_Gas	2022	7	3.26907100833683
SW_Natural_Gas	2022	8	3.27584536728319
SW_Natural_Gas	2022	9	3.03836320845808
SW_Natural_Gas	2022	10	3.04897613055937
SW_Natural_Gas	2022	11	2.99451185381604
SW_Natural_Gas	2022	12	3.22015085447358
SW_Natural_Gas	2026	1	3.56533067165535
SW_Natural_Gas	2026	2	3.62206620138063
SW_Natural_Gas	2026	3	3.31271951693391
SW_Natural_Gas	2026	4	3.30767355910427
SW_Natural_Gas	2026	5	3.43983035791628
SW_Natural_Gas	2026	6	3.28568531099152
SW_Natural_Gas	2026	7	3.29841305117794
SW_Natural_Gas	2026	8	3.30524821441088
SW_Natural_Gas	2026	9	3.06563449843682
SW_Natural_Gas	2026	10	3.07634267843069
SW_Natural_Gas	2026	11	3.02138954930776
SW_Natural_Gas	2026	12	3.24905380705119
SW_Natural_Gas	2030	1	3.60453140474016
SW_Natural_Gas	2030	2	3.66189074037912
SW_Natural_Gas	2030	3	3.34914279587423
SW_Natural_Gas	2030	4	3.34404135784815
SW_Natural_Gas	2030	5	3.47765121778483
SW_Natural_Gas	2030	6	3.32181134942629
SW_Natural_Gas	2030	7	3.33467903083886
SW_Natural_Gas	2030	8	3.34158934654267
SW_Natural_Gas	2030	9	3.09934108298007
SW_Natural_Gas	2030	10	3.11016699917976
SW_Natural_Gas	2030	11	3.05460966159896
SW_Natural_Gas	2030	12	3.28477708289793
CA_Coal	2020	1	3.4333852790527
CA_Coal	2020	2	3.4333852790527
CA_Coal	2020	3	3.4333852790527
CA_Coal	2020	4	3.4333852790527
CA_Coal	2020	5	3.4333852790527
CA_Coal	2020	6	3.4333852790527
CA_Coal	2020	7	3.4333852790527
CA_Coal	2020	8	3.4333852790527
CA_Coal	2020	9	3.4333852790527
CA_Coal	2020	10	3.4333852790527
CA_Coal	2020	11	3.4333852790527
CA_Coal	2020	12	3.4333852790527
CA_Coal	2022	1	3.58267388004794
CA_Coal	2022	2	3.58267388004794
CA_Coal	2022	3	3.58267388004794
CA_Coal	2022	4	3.58267388004794
CA_Coal	2022	5	3.58267388004794
CA_Coal	2022	6	3.58267388004794
CA_Coal	2022	7	3.58267388004794
CA_Coal	2022	8	3.58267388004794
CA_Coal	2022	9	3.58267388004794
CA_Coal	2022	10	3.58267388004794
CA_Coal	2022	11	3.58267388004794
CA_Coal	2022	12	3.58267388004794
CA_Coal	2026	1	3.93568757554297
CA_Coal	2026	2	3.93568757554297
CA_Coal	2026	3	3.93568757554297
CA_Coal	2026	4	3.93568757554297
CA_Coal	2026	5	3.93568757554297
CA_Coal	2026	6	3.93568757554297
CA_Coal	2026	7	3.93568757554297
CA_Coal	2026	8	3.93568757554297
CA_Coal	2026	9	3.93568757554297
CA_Coal	2026	10	3.93568757554297
CA_Coal	2026	11	3.93568757554297
CA_Coal	2026	12	3.93568757554297
CA_Coal	2030	1	4.37327420100851
CA_Coal	2030	2	4.37327420100851
CA_Coal	2030	3	4.37327420100851
CA_Coal	2030	4	4.37327420100851
CA_Coal	2030	5	4.37327420100851
CA_Coal	2030	6	4.37327420100851
CA_Coal	2030	7	4.37327420100851
CA_Coal	2030	8	4.37327420100851
CA_Coal	2030	9	4.37327420100851
CA_Coal	2030	10	4.37327420100851
CA_Coal	2030	11	4.37327420100851
CA_Coal	2030	12	4.37327420100851
Coal	2020	1	2
Coal	2020	2	2
Coal	2020	3	2
Coal	2020	4	2
Coal	2020	5	2
Coal	2020	6	2
Coal	2020	7	2
Coal	2020	8	2
Coal	2020	9	2
Coal	2020	10	2
Coal	2020	11	2
Coal	2020	12	2
Coal	2022	1	2
Coal	2022	2	2
Coal	2022	3	2
Coal	2022	4	2
Coal	2022	5	2
Coal	2022	6	2
Coal	2022	7	2
Coal	2022	8	2
Coal	2022	9	2
Coal	2022	10	2
Coal	2022	11	2
Coal	2022	12	2
Coal	2026	1	2
Coal	2026	2	2
Coal	2026	3	2
Coal	2026	4	2
Coal	2026	5	2
Coal	2026	6	2
Coal	2026	7	2
Coal	2026	8	2
Coal	2026	9	2
Coal	2026	10	2
Coal	2026	11	2
Coal	2026	12	2
Coal	2030	1	2
Coal	2030	2	2
Coal	2030	3	2
Coal	2030	4	2
Coal	2030	5	2
Coal	2030	6	2
Coal	2030	7	2
Coal	2030	8	2
Coal	2030	9	2
Coal	2030	10	2
Coal	2030	11	2
Coal	2030	12	2
Uranium	2020	1	0.7
Uranium	2020	2	0.7
Uranium	2020	3	0.7
Uranium	2020	4	0.7
Uranium	2020	5	0.7
Uranium	2020	6	0.7
Uranium	2020	7	0.7
Uranium	2020	8	0.7
Uranium	2020	9	0.7
Uranium	2020	10	0.7
Uranium	2020	11	0.7
Uranium	2020	12	0.7
Uranium	2022	1	0.7
Uranium	2022	2	0.7
Uranium	2022	3	0.7
Uranium	2022	4	0.7
Uranium	2022	5	0.7
Uranium	2022	6	0.7
Uranium	2022	7	0.7
Uranium	2022	8	0.7
Uranium	2022	9	0.7
Uranium	2022	10	0.7
Uranium	2022	11	0.7
Uranium	2022	12	0.7
Uranium	2026	1	0.7
Uranium	2026	2	0.7
Uranium	2026	3	0.7
Uranium	2026	4	0.7
Uranium	2026	5	0.7
Uranium	2026	6	0.7
Uranium	2026	7	0.7
Uranium	2026	8	0.7
Uranium	2026	9	0.7
Uranium	2026	10	0.7
Uranium	2026	11	0.7
Uranium	2026	12	0.7
Uranium	2030	1	0.7
Uranium	2030	2	0.7
Uranium	2030	3	0.7
Uranium	2030	4	0.7
Uranium	2030	5	0.7
Uranium	2030	6	0.7
Uranium	2030	7	0.7
Uranium	2030	8	0.7
Uranium	2030	9	0.7
Uranium	2030	10	0.7
Uranium	2030	11	0.7
Uranium	2030	12	0.7
Conventional_DR	2020	1	0
Conventional_DR	2020	2	0
Conventional_DR	2020	3	0
Conventional_DR	2020	4	0
Conventional_DR	2020	5	0
Conventional_DR	2020	6	0
Conventional_DR	2020	7	0
Conventional_DR	2020	8	0
Conventional_DR	2020	9	0
Conventional_DR	2020	10	0
Conventional_DR	2020	11	0
Conventional_DR	2020	12	0
Conventional_DR	2022	1	0
Conventional_DR	2022	2	0
Conventional_DR	2022	3	0
Conventional_DR	2022	4	0
Conventional_DR	2022	5	0
Conventional_DR	2022	6	0
Conventional_DR	2022	7	0
Conventional_DR	2022	8	0
Conventional_DR	2022	9	0
Conventional_DR	2022	10	0
Conventional_DR	2022	11	0
Conventional_DR	2022	12	0
Conventional_DR	2026	1	0
Conventional_DR	2026	2	0
Conventional_DR	2026	3	0
Conventional_DR	2026	4	0
Conventional_DR	2026	5	0
Conventional_DR	2026	6	0
Conventional_DR	2026	7	0
Conventional_DR	2026	8	0
Conventional_DR	2026	9	0
Conventional_DR	2026	10	0
Conventional_DR	2026	11	0
Conventional_DR	2026	12	0
Conventional_DR	2030	1	0
Conventional_DR	2030	2	0
Conventional_DR	2030	3	0
Conventional_DR	2030	4	0
Conventional_DR	2030	5	0
Conventional_DR	2030	6	0
Conventional_DR	2030	7	0
Conventional_DR	2030	8	0
Conventional_DR	2030	9	0
Conventional_DR	2030	10	0
Conventional_DR	2030	11	0
Conventional_DR	2030	12	0
