hydro_resource	day_id	hydro_energy_budget	min_hydro	max_hydro
CAISO_Hydro	1	0.383633273930489	0.312884801873603	0.535851440750975
CAISO_Hydro	2	0.143085092366833	5.81831774404604E-02	0.350005252524016
CAISO_Hydro	3	0.27600337999168	0.156442400936802	0.480407294825097
CAISO_Hydro	4	0.340593423924365	0.215083326447595	0.509278210451365
CAISO_Hydro	5	0.244361328094392	0.145197867169277	0.40015155826579
CAISO_Hydro	6	0.439513740432615	0.277120830267361	0.606879887153316
CAISO_Hydro	7	0.226888026238312	0.127793144385256	0.373336913208925
CAISO_Hydro	8	0.25198651743804	0.128605245792626	0.392419383955426
CAISO_Hydro	9	0.415161034670615	0.345272746386723	0.552051605283529
CAISO_Hydro	10	0.450051785508814	0.367429853541224	0.602584214586086
CAISO_Hydro	11	0.461546669676759	0.350147263910274	0.598588240104942
CAISO_Hydro	12	0.509981210366963	0.341356120051757	0.684601590811574
CAISO_Hydro	13	0.352721866895042	0.164199096183404	0.588813648607163
CAISO_Hydro	14	0.371679204364043	0.261836227876984	0.583003939628479
CAISO_Hydro	15	0.387130504527709	0.234363903319117	0.660725643286736
CAISO_Hydro	16	0.179155698091889	6.87455952741563E-02	0.367231491482242
CAISO_Hydro	17	0.219762911668089	0.139559408753967	0.411776433111443
CAISO_Hydro	18	0.185019442276044	9.22697635140304E-02	0.355970436959003
CAISO_Hydro	19	0.451967860898848	0.321276348284006	0.597589246484656
CAISO_Hydro	20	0.516826184078104	0.446050651457739	0.653432989858648
CAISO_Hydro	21	0.311872907633562	0.198032904258216	0.490472023425237
CAISO_Hydro	22	0.298932062054662	0.193630728183412	0.439122226743813
CAISO_Hydro	23	0.323875720080264	0.131960915637325	0.573760558937399
CAISO_Hydro	24	0.117593503341042	0.067427364732208	0.241740788449751
CAISO_Hydro	25	0.167037267370237	6.75508050130497E-02	0.320189990703542
CAISO_Hydro	26	0.212066022233533	9.33060041347207E-02	0.398090220513524
CAISO_Hydro	27	0.132638423418973	5.42858556157641E-02	0.342877373452418
CAISO_Hydro	28	0.15704050897698	4.71363035081761E-02	0.357236397237682
CAISO_Hydro	29	0.421923992035906	0.337959541742784	0.572214808529389
CAISO_Hydro	30	0.238655794218178	0.109077840366106	0.36688599779088
CAISO_Hydro	31	0.4575039505446	0.354343037115476	0.616470225908063
CAISO_Hydro	32	0.498233752938348	0.394302781926919	0.657229165615735
CAISO_Hydro	33	0.268791991400989	0.152528452871601	0.405500973501781
CAISO_Hydro	34	0.529314941949499	0.393203888944605	0.653532889220677
CAISO_Hydro	35	0.497989124450112	0.338558937914956	0.684002194639402
CAISO_Hydro	36	0.273849736429425	0.141406360755588	0.508488690754844
CAISO_Hydro	37	0.25019895443517	0.154844011144344	0.456231649214174
NW_Hydro	1	0.542449402428438	0.287550496944389	0.738543284941045
NW_Hydro	2	0.487501883875397	0.237622942140413	0.700010201035408
NW_Hydro	3	0.609154718645978	0.362462534847368	0.780387313229772
NW_Hydro	4	0.59944186694249	0.350447001324146	0.774588160098969
NW_Hydro	5	0.395261646037476	0.172523801724145	0.624334933161105
NW_Hydro	6	0.606664210279924	0.359342866450739	0.778909193739004
NW_Hydro	7	0.389283290114372	0.168980845321527	0.618836205864133
NW_Hydro	8	0.389283290114372	0.168980845321527	0.618836205864133
NW_Hydro	9	0.569019446022877	0.315329624340055	0.755796401343445
NW_Hydro	10	0.625070725317596	0.383048964923316	0.78969310916062
NW_Hydro	11	0.672647041791742	0.451823674604762	0.816159522013807
NW_Hydro	12	0.672647041791742	0.451823674604762	0.816159522013807
NW_Hydro	13	0.421515134291627	0.1889828992628	0.647536808903481
NW_Hydro	14	0.493924504387437	0.242979468271827	0.704732468296836
NW_Hydro	15	0.376833858925681	0.161834715865652	0.607109328359886
NW_Hydro	16	0.304058908236828	0.12571108007491	0.529688997381393
NW_Hydro	17	0.392053856490423	0.170613629688853	0.621394919827894
NW_Hydro	18	0.487501883875397	0.237622942140413	0.700010201035408
NW_Hydro	19	0.606664210279924	0.359342866450739	0.778909193739004
NW_Hydro	20	0.625070725317596	0.383048964923316	0.78969310916062
NW_Hydro	21	0.585725143424118	0.334153713861835	0.766236360692557
NW_Hydro	22	0.734170255076713	0.455528696538907	0.817419399526844
NW_Hydro	23	0.301675402099844	0.124675395115877	0.526849600022976
NW_Hydro	24	0.298680638386752	0.12338619250579	0.523250059130111
NW_Hydro	25	0.348248271605118	0.146549009159018	0.57864670661322
NW_Hydro	26	0.418698666760747	0.187144502403337	0.645117973053906
NW_Hydro	27	0.487501883875397	0.237622942140413	0.700010201035408
NW_Hydro	28	0.487501883875397	0.237622942140413	0.700010201035408
NW_Hydro	29	0.59944186694249	0.350447001324146	0.774588160098969
NW_Hydro	30	0.389283290114372	0.168980845321527	0.618836205864133
NW_Hydro	31	0.606664210279924	0.359342866450739	0.778909193739004
NW_Hydro	32	0.606664210279924	0.359342866450739	0.778909193739004
NW_Hydro	33	0.389283290114372	0.168980845321527	0.618836205864133
NW_Hydro	34	0.606664210279924	0.359342866450739	0.778909193739004
NW_Hydro	35	0.672647041791742	0.451823674604762	0.816159522013807
NW_Hydro	36	0.3564797045638	0.150796280174178	0.587075463281626
NW_Hydro	37	0.355108968152349	0.150080557310749	0.585685461707328
SW_Hydro	1	0.211858655158898	0.101313629011932	0.589012997876136
SW_Hydro	2	0.227213178505797	0.107553231051811	0.607231730493669
SW_Hydro	3	0.239018956609641	0.112874361756063	0.621094285010547
SW_Hydro	4	0.278691644083458	0.131955159218602	0.661556016226957
SW_Hydro	5	0.249937736028813	0.117542656079636	0.632196725954378
SW_Hydro	6	0.299864600814377	0.14355912256002	0.681082952065977
SW_Hydro	7	0.267708263294308	0.126091253150848	0.650399662614399
SW_Hydro	8	0.267708263294308	0.126091253150848	0.650399662614399
SW_Hydro	9	0.211783574039182	0.100947332241306	0.58786782624877
SW_Hydro	10	0.306904070613504	0.14779552711705	0.687502221423841
SW_Hydro	11	0.356042197130444	0.180004487662435	0.727366121133325
SW_Hydro	12	0.356042197130444	0.180004487662435	0.727366121133325
SW_Hydro	13	0.238416955262117	0.112436487998019	0.620004756000015
SW_Hydro	14	0.362744911466133	0.18502525888134	0.732483620442035
SW_Hydro	15	0.259583130588658	0.1225082098885	0.643074737418657
SW_Hydro	16	0.204264334029039	9.81852455916639E-02	0.578929409286547
SW_Hydro	17	0.250595577768954	0.118259268269071	0.633822733142034
SW_Hydro	18	0.227213178505797	0.107553231051811	0.607231730493669
SW_Hydro	19	0.299864600814377	0.14355912256002	0.681082952065977
SW_Hydro	20	0.306904070613504	0.14779552711705	0.687502221423841
SW_Hydro	21	0.278130601921207	0.131584237212667	0.660878535830503
SW_Hydro	22	0.257824229202152	0.121429108241759	0.640785731820743
SW_Hydro	23	0.221746931663288	0.105202978682178	0.600640610155876
SW_Hydro	24	0.186470739930134	9.15345669484097E-02	0.554897839363199
SW_Hydro	25	0.166702275402071	8.44604551524522E-02	0.524378558285354
SW_Hydro	26	0.239293209404351	0.113087106030506	0.621620520287517
SW_Hydro	27	0.227213178505797	0.107553231051811	0.607231730493669
SW_Hydro	28	0.227213178505797	0.107553231051811	0.607231730493669
SW_Hydro	29	0.278691644083458	0.131955159218602	0.661556016226957
SW_Hydro	30	0.267708263294308	0.126091253150848	0.650399662614399
SW_Hydro	31	0.299864600814377	0.14355912256002	0.681082952065977
SW_Hydro	32	0.299864600814377	0.14355912256002	0.681082952065977
SW_Hydro	33	0.267708263294308	0.126091253150848	0.650399662614399
SW_Hydro	34	0.299864600814377	0.14355912256002	0.681082952065977
SW_Hydro	35	0.356042197130444	0.180004487662435	0.727366121133325
SW_Hydro	36	0.257530810164728	0.121410712319354	0.640746362460817
SW_Hydro	37	0.228883594714245	0.10851269120645	0.609835943987603
LDWP_Hydro	1	5.04477360558008E-02	2.44848987202938E-02	0.479046655602067
LDWP_Hydro	2	2.28700958163188E-02	2.28700958163187E-02	0.479046655602067
LDWP_Hydro	3	5.48207541454959E-02	2.44848987202938E-02	0.479046655602067
LDWP_Hydro	4	7.05438933928378E-02	2.44848987202938E-02	0.479046655602067
LDWP_Hydro	5	1.10014661274351E-02	1.10014661274351E-02	0.479046655602067
LDWP_Hydro	6	7.47666874117475E-02	2.44848987202938E-02	0.479046655602067
LDWP_Hydro	7	6.52669174987622E-02	2.44848987202938E-02	0.479046655602067
LDWP_Hydro	8	6.52669174987622E-02	2.44848987202938E-02	0.479046655602067
LDWP_Hydro	9	5.51008394548144E-02	2.44848987202938E-02	0.479046655602067
LDWP_Hydro	10	7.53566158358578E-02	2.44848987202938E-02	0.479046655602067
LDWP_Hydro	11	8.98696474826245E-02	2.44848987202938E-02	0.479046655602067
LDWP_Hydro	12	8.98696474826245E-02	2.44848987202938E-02	0.479046655602067
LDWP_Hydro	13	5.06263455334817E-02	2.44848987202938E-02	0.479046655602067
LDWP_Hydro	14	6.26601329589236E-02	2.44848987202938E-02	0.479046655602067
LDWP_Hydro	15	6.29058725484128E-02	2.44848987202938E-02	0.479046655602067
LDWP_Hydro	16	2.34515828439328E-02	2.34515828439328E-02	0.479046655602067
LDWP_Hydro	17	4.00051988490492E-02	2.44848987202938E-02	0.479046655602067
LDWP_Hydro	18	2.28700958163188E-02	2.28700958163187E-02	0.479046655602067
LDWP_Hydro	19	7.47666874117475E-02	2.44848987202938E-02	0.479046655602067
LDWP_Hydro	20	7.53566158358578E-02	2.44848987202938E-02	0.479046655602067
LDWP_Hydro	21	5.93465531092554E-02	2.44848987202938E-02	0.479046655602067
LDWP_Hydro	22	5.13370034647723E-02	2.44848987202938E-02	0.479046655602067
LDWP_Hydro	23	4.34666091398293E-02	2.44848987202938E-02	0.479046655602067
LDWP_Hydro	24	1.94217318456326E-02	1.94217318456326E-02	0.479046655602067
LDWP_Hydro	25	4.24417329420421E-02	2.44848987202938E-02	0.479046655602067
LDWP_Hydro	26	0.033901155943926	2.44848987202938E-02	0.479046655602067
LDWP_Hydro	27	2.28700958163188E-02	2.28700958163187E-02	0.479046655602067
LDWP_Hydro	28	2.28700958163188E-02	2.28700958163187E-02	0.479046655602067
LDWP_Hydro	29	7.05438933928378E-02	2.44848987202938E-02	0.479046655602067
LDWP_Hydro	30	6.52669174987622E-02	2.44848987202938E-02	0.479046655602067
LDWP_Hydro	31	7.47666874117475E-02	2.44848987202938E-02	0.479046655602067
LDWP_Hydro	32	7.47666874117475E-02	2.44848987202938E-02	0.479046655602067
LDWP_Hydro	33	6.52669174987622E-02	2.44848987202938E-02	0.479046655602067
LDWP_Hydro	34	7.47666874117475E-02	2.44848987202938E-02	0.479046655602067
LDWP_Hydro	35	8.98696474826245E-02	2.44848987202938E-02	0.479046655602067
LDWP_Hydro	36	5.91909871090638E-02	2.44848987202938E-02	0.479046655602067
LDWP_Hydro	37	4.10658845334941E-02	2.44848987202938E-02	0.479046655602067
BANC_Hydro	1	0.307408844961395	0.121365849301777	0.53364227416683
BANC_Hydro	2	7.15005010118263E-02	7.15005010118263E-02	0.330373345644185
BANC_Hydro	3	0.22666499749081	9.17035951717627E-02	0.423706238835244
BANC_Hydro	4	0.418595409276963	0.178523258254953	0.645028984663106
BANC_Hydro	5	0.141604154388887	7.66493635687052E-02	0.330373345644185
BANC_Hydro	6	0.46743824172329	0.211504003160441	0.684847122671342
BANC_Hydro	7	0.270811295364394	0.106888449085224	0.487909286810479
BANC_Hydro	8	0.270811295364394	0.106888449085224	0.487909286810479
BANC_Hydro	9	0.368101360250539	0.149824224283339	0.598650119513324
BANC_Hydro	10	0.504425705759117	0.240476176043647	0.71232282039775
BANC_Hydro	11	0.584342569295036	0.317347901660331	0.765383717233729
BANC_Hydro	12	0.584342569295036	0.317347901660331	0.765383717233729
BANC_Hydro	13	0.367097901984795	0.149303319571588	0.59766523716519
BANC_Hydro	14	0.457732325486925	0.20449762608837	0.677276693570736
BANC_Hydro	15	0.390322641780825	0.161836893648862	0.619798211178061
BANC_Hydro	16	0.169288203940731	7.66493635687052E-02	0.330373345644185
BANC_Hydro	17	0.216094972995093	8.84002550702648E-02	0.406476448173956
BANC_Hydro	18	7.15005010118263E-02	7.15005010118263E-02	0.330373345644185
BANC_Hydro	19	0.46743824172329	0.211504003160441	0.684847122671342
BANC_Hydro	20	0.504425705759117	0.240476176043647	0.71232282039775
BANC_Hydro	21	0.322479354215263	0.127883112903883	0.550910080827901
BANC_Hydro	22	0.298539721827177	0.117686738679919	0.523079797312099
BANC_Hydro	23	0.326677577961204	0.129760179765141	0.555576801086262
BANC_Hydro	24	0.108942641546869	7.66493635687052E-02	0.330373345644185
BANC_Hydro	25	8.68798225941728E-02	7.66493635687052E-02	0.330373345644185
BANC_Hydro	26	0.146846884374979	7.66493635687052E-02	0.330373345644185
BANC_Hydro	27	7.15005010118263E-02	7.15005010118263E-02	0.330373345644185
BANC_Hydro	28	7.15005010118263E-02	7.15005010118263E-02	0.330373345644185
BANC_Hydro	29	0.418595409276963	0.178523258254953	0.645028984663106
BANC_Hydro	30	0.270811295364394	0.106888449085224	0.487909286810479
BANC_Hydro	31	0.46743824172329	0.211504003160441	0.684847122671342
BANC_Hydro	32	0.46743824172329	0.211504003160441	0.684847122671342
BANC_Hydro	33	0.270811295364394	0.106888449085224	0.487909286810479
BANC_Hydro	34	0.46743824172329	0.211504003160441	0.684847122671342
BANC_Hydro	35	0.584342569295036	0.317347901660331	0.765383717233729
BANC_Hydro	36	0.295223569298042	0.116339954196241	0.519049700293046
BANC_Hydro	37	0.300617129722755	0.118538364753226	0.525581713863287
IID_Hydro	1	0.334735827447986	0.158730347474938	0.535881857770914
IID_Hydro	2	0.136346281096901	9.69392438688408E-02	0.311265052886266
IID_Hydro	3	0.270404321639898	0.130139670901971	0.461966130586377
IID_Hydro	4	0.398679503085831	0.193370517617013	0.596426630522278
IID_Hydro	5	0.248186772284787	0.121512872056039	0.432272589072078
IID_Hydro	6	0.486502202498356	0.25359199233572	0.665376021807177
IID_Hydro	7	0.482883464825772	0.250774767909989	0.662790266029379
IID_Hydro	8	0.482883464825772	0.250774767909989	0.662790266029379
IID_Hydro	9	0.46194264172552	0.235075920773342	0.647435685019408
IID_Hydro	10	0.522966071769422	0.283807076098218	0.690407358956504
IID_Hydro	11	0.525681755424063	0.286196408365901	0.692201164934112
IID_Hydro	12	0.525681755424063	0.286196408365901	0.692201164934112
IID_Hydro	13	0.460914821530826	0.234331207892034	0.646664235209579
IID_Hydro	14	0.413449958643507	0.202391953425933	0.609025787745988
IID_Hydro	15	0.34284352399737	0.162753405031737	0.544170493056022
IID_Hydro	16	0.304300443786982	0.144495648625675	0.502867188690659
IID_Hydro	17	0.210147041420118	0.108049265691833	0.374651602956859
IID_Hydro	18	0.136346281096901	9.69392438688408E-02	0.311265052886266
IID_Hydro	19	0.486502202498356	0.25359199233572	0.665376021807177
IID_Hydro	20	0.522966071769422	0.283807076098218	0.690407358956504
IID_Hydro	21	0.555988992810333	0.314266124319646	0.71161404324478
IID_Hydro	22	0.487502005259697	0.254375913995839	0.666087036590128
IID_Hydro	23	0.376124880702424	0.180364441935524	0.576257313674575
IID_Hydro	24	0.188869902016924	0.101180127866217	0.337680788468042
IID_Hydro	25	0.160489579224195	9.69392438688408E-02	0.311265052886266
IID_Hydro	26	0.18209244766813	9.90851529603451E-02	0.325024391898995
IID_Hydro	27	0.136346281096901	9.69392438688408E-02	0.311265052886266
IID_Hydro	28	0.136346281096901	9.69392438688408E-02	0.311265052886266
IID_Hydro	29	0.398679503085831	0.193370517617013	0.596426630522278
IID_Hydro	30	0.482883464825772	0.250774767909989	0.662790266029379
IID_Hydro	31	0.486502202498356	0.25359199233572	0.665376021807177
IID_Hydro	32	0.486502202498356	0.25359199233572	0.665376021807177
IID_Hydro	33	0.482883464825772	0.250774767909989	0.662790266029379
IID_Hydro	34	0.486502202498356	0.25359199233572	0.665376021807177
IID_Hydro	35	0.525681755424063	0.286196408365901	0.692201164934112
IID_Hydro	36	0.588185022587008	0.347106937409927	0.731110239336099
IID_Hydro	37	0.233412976394986	0.116095349985322	0.411017295472151
NW_Hydro_for_CAISO	1	0.542449402428438	0	0.738543284941045
NW_Hydro_for_CAISO	2	0.487501883875397	0	0.700010201035408
NW_Hydro_for_CAISO	3	0.609154718645978	0	0.780387313229772
NW_Hydro_for_CAISO	4	0.59944186694249	0	0.774588160098969
NW_Hydro_for_CAISO	5	0.395261646037476	0	0.624334933161105
NW_Hydro_for_CAISO	6	0.606664210279924	0	0.778909193739004
NW_Hydro_for_CAISO	7	0.389283290114372	0	0.618836205864133
NW_Hydro_for_CAISO	8	0.389283290114372	0	0.618836205864133
NW_Hydro_for_CAISO	9	0.569019446022877	0	0.755796401343445
NW_Hydro_for_CAISO	10	0.625070725317596	0	0.789693109160621
NW_Hydro_for_CAISO	11	0.672647041791742	0	0.816159522013807
NW_Hydro_for_CAISO	12	0.672647041791742	0	0.816159522013807
NW_Hydro_for_CAISO	13	0.421515134291627	0	0.647536808903481
NW_Hydro_for_CAISO	14	0.493924504387437	0	0.704732468296836
NW_Hydro_for_CAISO	15	0.376833858925681	0	0.607109328359886
NW_Hydro_for_CAISO	16	0.304058908236828	0	0.529688997381393
NW_Hydro_for_CAISO	17	0.392053856490423	0	0.621394919827894
NW_Hydro_for_CAISO	18	0.487501883875397	0	0.700010201035408
NW_Hydro_for_CAISO	19	0.606664210279924	0	0.778909193739004
NW_Hydro_for_CAISO	20	0.625070725317596	0	0.789693109160621
NW_Hydro_for_CAISO	21	0.585725143424118	0	0.766236360692557
NW_Hydro_for_CAISO	22	0.734170255076713	0	0.817419399526843
NW_Hydro_for_CAISO	23	0.301675402099844	0	0.526849600022976
NW_Hydro_for_CAISO	24	0.298680638386752	0	0.523250059130111
NW_Hydro_for_CAISO	25	0.348248271605118	0	0.57864670661322
NW_Hydro_for_CAISO	26	0.418698666760747	0	0.645117973053906
NW_Hydro_for_CAISO	27	0.487501883875397	0	0.700010201035408
NW_Hydro_for_CAISO	28	0.487501883875397	0	0.700010201035408
NW_Hydro_for_CAISO	29	0.59944186694249	0	0.774588160098969
NW_Hydro_for_CAISO	30	0.389283290114372	0	0.618836205864133
NW_Hydro_for_CAISO	31	0.606664210279924	0	0.778909193739004
NW_Hydro_for_CAISO	32	0.606664210279924	0	0.778909193739004
NW_Hydro_for_CAISO	33	0.389283290114372	0	0.618836205864133
NW_Hydro_for_CAISO	34	0.606664210279924	0	0.778909193739004
NW_Hydro_for_CAISO	35	0.672647041791742	0	0.816159522013807
NW_Hydro_for_CAISO	36	0.3564797045638	0	0.587075463281626
NW_Hydro_for_CAISO	37	0.355108968152349	0	0.585685461707328
