resource	period	day_id	hydrogen_electrolysis_load_min_mw	hydrogen_electrolysis_load_daily_mwh
Hydrogen_electrolysis	2020	1	7.95776530386308	763.945469170856
Hydrogen_electrolysis	2020	2	7.95776530386308	763.945469170856
Hydrogen_electrolysis	2020	3	7.95776530386308	763.945469170856
Hydrogen_electrolysis	2020	4	7.95776530386308	763.945469170856
Hydrogen_electrolysis	2020	5	7.95776530386308	763.945469170856
Hydrogen_electrolysis	2020	6	7.95776530386308	763.945469170856
Hydrogen_electrolysis	2020	7	7.95776530386308	763.945469170856
Hydrogen_electrolysis	2020	8	7.95776530386308	763.945469170856
Hydrogen_electrolysis	2020	9	7.95776530386308	763.945469170856
Hydrogen_electrolysis	2020	10	7.95776530386308	763.945469170856
Hydrogen_electrolysis	2020	11	7.95776530386308	763.945469170856
Hydrogen_electrolysis	2020	12	7.95776530386308	763.945469170856
Hydrogen_electrolysis	2020	13	7.95776530386308	763.945469170856
Hydrogen_electrolysis	2020	14	7.95776530386308	763.945469170856
Hydrogen_electrolysis	2020	15	7.95776530386308	763.945469170856
Hydrogen_electrolysis	2020	16	7.95776530386308	763.945469170856
Hydrogen_electrolysis	2020	17	7.95776530386308	763.945469170856
Hydrogen_electrolysis	2020	18	7.95776530386308	763.945469170856
Hydrogen_electrolysis	2020	19	7.95776530386308	763.945469170856
Hydrogen_electrolysis	2020	20	7.95776530386308	763.945469170856
Hydrogen_electrolysis	2020	21	7.95776530386308	763.945469170856
Hydrogen_electrolysis	2020	22	7.95776530386308	763.945469170856
Hydrogen_electrolysis	2020	23	7.95776530386308	763.945469170856
Hydrogen_electrolysis	2020	24	7.95776530386308	763.945469170856
Hydrogen_electrolysis	2020	25	7.95776530386308	763.945469170856
Hydrogen_electrolysis	2020	26	7.95776530386308	763.945469170856
Hydrogen_electrolysis	2020	27	7.95776530386308	763.945469170856
Hydrogen_electrolysis	2020	28	7.95776530386308	763.945469170856
Hydrogen_electrolysis	2020	29	7.95776530386308	763.945469170856
Hydrogen_electrolysis	2020	30	7.95776530386308	763.945469170856
Hydrogen_electrolysis	2020	31	7.95776530386308	763.945469170856
Hydrogen_electrolysis	2020	32	7.95776530386308	763.945469170856
Hydrogen_electrolysis	2020	33	7.95776530386308	763.945469170856
Hydrogen_electrolysis	2020	34	7.95776530386308	763.945469170856
Hydrogen_electrolysis	2020	35	7.95776530386308	763.945469170856
Hydrogen_electrolysis	2020	36	7.95776530386308	763.945469170856
Hydrogen_electrolysis	2020	37	7.95776530386308	763.945469170856
Hydrogen_electrolysis	2022	1	14.4352433637052	1385.7833629157
Hydrogen_electrolysis	2022	2	14.4352433637052	1385.7833629157
Hydrogen_electrolysis	2022	3	14.4352433637052	1385.7833629157
Hydrogen_electrolysis	2022	4	14.4352433637052	1385.7833629157
Hydrogen_electrolysis	2022	5	14.4352433637052	1385.7833629157
Hydrogen_electrolysis	2022	6	14.4352433637052	1385.7833629157
Hydrogen_electrolysis	2022	7	14.4352433637052	1385.7833629157
Hydrogen_electrolysis	2022	8	14.4352433637052	1385.7833629157
Hydrogen_electrolysis	2022	9	14.4352433637052	1385.7833629157
Hydrogen_electrolysis	2022	10	14.4352433637052	1385.7833629157
Hydrogen_electrolysis	2022	11	14.4352433637052	1385.7833629157
Hydrogen_electrolysis	2022	12	14.4352433637052	1385.7833629157
Hydrogen_electrolysis	2022	13	14.4352433637052	1385.7833629157
Hydrogen_electrolysis	2022	14	14.4352433637052	1385.7833629157
Hydrogen_electrolysis	2022	15	14.4352433637052	1385.7833629157
Hydrogen_electrolysis	2022	16	14.4352433637052	1385.7833629157
Hydrogen_electrolysis	2022	17	14.4352433637052	1385.7833629157
Hydrogen_electrolysis	2022	18	14.4352433637052	1385.7833629157
Hydrogen_electrolysis	2022	19	14.4352433637052	1385.7833629157
Hydrogen_electrolysis	2022	20	14.4352433637052	1385.7833629157
Hydrogen_electrolysis	2022	21	14.4352433637052	1385.7833629157
Hydrogen_electrolysis	2022	22	14.4352433637052	1385.7833629157
Hydrogen_electrolysis	2022	23	14.4352433637052	1385.7833629157
Hydrogen_electrolysis	2022	24	14.4352433637052	1385.7833629157
Hydrogen_electrolysis	2022	25	14.4352433637052	1385.7833629157
Hydrogen_electrolysis	2022	26	14.4352433637052	1385.7833629157
Hydrogen_electrolysis	2022	27	14.4352433637052	1385.7833629157
Hydrogen_electrolysis	2022	28	14.4352433637052	1385.7833629157
Hydrogen_electrolysis	2022	29	14.4352433637052	1385.7833629157
Hydrogen_electrolysis	2022	30	14.4352433637052	1385.7833629157
Hydrogen_electrolysis	2022	31	14.4352433637052	1385.7833629157
Hydrogen_electrolysis	2022	32	14.4352433637052	1385.7833629157
Hydrogen_electrolysis	2022	33	14.4352433637052	1385.7833629157
Hydrogen_electrolysis	2022	34	14.4352433637052	1385.7833629157
Hydrogen_electrolysis	2022	35	14.4352433637052	1385.7833629157
Hydrogen_electrolysis	2022	36	14.4352433637052	1385.7833629157
Hydrogen_electrolysis	2022	37	14.4352433637052	1385.7833629157
Hydrogen_electrolysis	2026	1	45.0220919713093	4322.12082924569
Hydrogen_electrolysis	2026	2	45.0220919713093	4322.12082924569
Hydrogen_electrolysis	2026	3	45.0220919713093	4322.12082924569
Hydrogen_electrolysis	2026	4	45.0220919713093	4322.12082924569
Hydrogen_electrolysis	2026	5	45.0220919713093	4322.12082924569
Hydrogen_electrolysis	2026	6	45.0220919713093	4322.12082924569
Hydrogen_electrolysis	2026	7	45.0220919713093	4322.12082924569
Hydrogen_electrolysis	2026	8	45.0220919713093	4322.12082924569
Hydrogen_electrolysis	2026	9	45.0220919713093	4322.12082924569
Hydrogen_electrolysis	2026	10	45.0220919713093	4322.12082924569
Hydrogen_electrolysis	2026	11	45.0220919713093	4322.12082924569
Hydrogen_electrolysis	2026	12	45.0220919713093	4322.12082924569
Hydrogen_electrolysis	2026	13	45.0220919713093	4322.12082924569
Hydrogen_electrolysis	2026	14	45.0220919713093	4322.12082924569
Hydrogen_electrolysis	2026	15	45.0220919713093	4322.12082924569
Hydrogen_electrolysis	2026	16	45.0220919713093	4322.12082924569
Hydrogen_electrolysis	2026	17	45.0220919713093	4322.12082924569
Hydrogen_electrolysis	2026	18	45.0220919713093	4322.12082924569
Hydrogen_electrolysis	2026	19	45.0220919713093	4322.12082924569
Hydrogen_electrolysis	2026	20	45.0220919713093	4322.12082924569
Hydrogen_electrolysis	2026	21	45.0220919713093	4322.12082924569
Hydrogen_electrolysis	2026	22	45.0220919713093	4322.12082924569
Hydrogen_electrolysis	2026	23	45.0220919713093	4322.12082924569
Hydrogen_electrolysis	2026	24	45.0220919713093	4322.12082924569
Hydrogen_electrolysis	2026	25	45.0220919713093	4322.12082924569
Hydrogen_electrolysis	2026	26	45.0220919713093	4322.12082924569
Hydrogen_electrolysis	2026	27	45.0220919713093	4322.12082924569
Hydrogen_electrolysis	2026	28	45.0220919713093	4322.12082924569
Hydrogen_electrolysis	2026	29	45.0220919713093	4322.12082924569
Hydrogen_electrolysis	2026	30	45.0220919713093	4322.12082924569
Hydrogen_electrolysis	2026	31	45.0220919713093	4322.12082924569
Hydrogen_electrolysis	2026	32	45.0220919713093	4322.12082924569
Hydrogen_electrolysis	2026	33	45.0220919713093	4322.12082924569
Hydrogen_electrolysis	2026	34	45.0220919713093	4322.12082924569
Hydrogen_electrolysis	2026	35	45.0220919713093	4322.12082924569
Hydrogen_electrolysis	2026	36	45.0220919713093	4322.12082924569
Hydrogen_electrolysis	2026	37	45.0220919713093	4322.12082924569
Hydrogen_electrolysis	2030	1	130.095182762521	12489.137545202
Hydrogen_electrolysis	2030	2	130.095182762521	12489.137545202
Hydrogen_electrolysis	2030	3	130.095182762521	12489.137545202
Hydrogen_electrolysis	2030	4	130.095182762521	12489.137545202
Hydrogen_electrolysis	2030	5	130.095182762521	12489.137545202
Hydrogen_electrolysis	2030	6	130.095182762521	12489.137545202
Hydrogen_electrolysis	2030	7	130.095182762521	12489.137545202
Hydrogen_electrolysis	2030	8	130.095182762521	12489.137545202
Hydrogen_electrolysis	2030	9	130.095182762521	12489.137545202
Hydrogen_electrolysis	2030	10	130.095182762521	12489.137545202
Hydrogen_electrolysis	2030	11	130.095182762521	12489.137545202
Hydrogen_electrolysis	2030	12	130.095182762521	12489.137545202
Hydrogen_electrolysis	2030	13	130.095182762521	12489.137545202
Hydrogen_electrolysis	2030	14	130.095182762521	12489.137545202
Hydrogen_electrolysis	2030	15	130.095182762521	12489.137545202
Hydrogen_electrolysis	2030	16	130.095182762521	12489.137545202
Hydrogen_electrolysis	2030	17	130.095182762521	12489.137545202
Hydrogen_electrolysis	2030	18	130.095182762521	12489.137545202
Hydrogen_electrolysis	2030	19	130.095182762521	12489.137545202
Hydrogen_electrolysis	2030	20	130.095182762521	12489.137545202
Hydrogen_electrolysis	2030	21	130.095182762521	12489.137545202
Hydrogen_electrolysis	2030	22	130.095182762521	12489.137545202
Hydrogen_electrolysis	2030	23	130.095182762521	12489.137545202
Hydrogen_electrolysis	2030	24	130.095182762521	12489.137545202
Hydrogen_electrolysis	2030	25	130.095182762521	12489.137545202
Hydrogen_electrolysis	2030	26	130.095182762521	12489.137545202
Hydrogen_electrolysis	2030	27	130.095182762521	12489.137545202
Hydrogen_electrolysis	2030	28	130.095182762521	12489.137545202
Hydrogen_electrolysis	2030	29	130.095182762521	12489.137545202
Hydrogen_electrolysis	2030	30	130.095182762521	12489.137545202
Hydrogen_electrolysis	2030	31	130.095182762521	12489.137545202
Hydrogen_electrolysis	2030	32	130.095182762521	12489.137545202
Hydrogen_electrolysis	2030	33	130.095182762521	12489.137545202
Hydrogen_electrolysis	2030	34	130.095182762521	12489.137545202
Hydrogen_electrolysis	2030	35	130.095182762521	12489.137545202
Hydrogen_electrolysis	2030	36	130.095182762521	12489.137545202
Hydrogen_electrolysis	2030	37	130.095182762521	12489.137545202
Hydrogen_electrolysis	2035	1	539.755589304555	51816.5365732373
Hydrogen_electrolysis	2035	2	539.755589304555	51816.5365732373
Hydrogen_electrolysis	2035	3	539.755589304555	51816.5365732373
Hydrogen_electrolysis	2035	4	539.755589304555	51816.5365732373
Hydrogen_electrolysis	2035	5	539.755589304555	51816.5365732373
Hydrogen_electrolysis	2035	6	539.755589304555	51816.5365732373
Hydrogen_electrolysis	2035	7	539.755589304555	51816.5365732373
Hydrogen_electrolysis	2035	8	539.755589304555	51816.5365732373
Hydrogen_electrolysis	2035	9	539.755589304555	51816.5365732373
Hydrogen_electrolysis	2035	10	539.755589304555	51816.5365732373
Hydrogen_electrolysis	2035	11	539.755589304555	51816.5365732373
Hydrogen_electrolysis	2035	12	539.755589304555	51816.5365732373
Hydrogen_electrolysis	2035	13	539.755589304555	51816.5365732373
Hydrogen_electrolysis	2035	14	539.755589304555	51816.5365732373
Hydrogen_electrolysis	2035	15	539.755589304555	51816.5365732373
Hydrogen_electrolysis	2035	16	539.755589304555	51816.5365732373
Hydrogen_electrolysis	2035	17	539.755589304555	51816.5365732373
Hydrogen_electrolysis	2035	18	539.755589304555	51816.5365732373
Hydrogen_electrolysis	2035	19	539.755589304555	51816.5365732373
Hydrogen_electrolysis	2035	20	539.755589304555	51816.5365732373
Hydrogen_electrolysis	2035	21	539.755589304555	51816.5365732373
Hydrogen_electrolysis	2035	22	539.755589304555	51816.5365732373
Hydrogen_electrolysis	2035	23	539.755589304555	51816.5365732373
Hydrogen_electrolysis	2035	24	539.755589304555	51816.5365732373
Hydrogen_electrolysis	2035	25	539.755589304555	51816.5365732373
Hydrogen_electrolysis	2035	26	539.755589304555	51816.5365732373
Hydrogen_electrolysis	2035	27	539.755589304555	51816.5365732373
Hydrogen_electrolysis	2035	28	539.755589304555	51816.5365732373
Hydrogen_electrolysis	2035	29	539.755589304555	51816.5365732373
Hydrogen_electrolysis	2035	30	539.755589304555	51816.5365732373
Hydrogen_electrolysis	2035	31	539.755589304555	51816.5365732373
Hydrogen_electrolysis	2035	32	539.755589304555	51816.5365732373
Hydrogen_electrolysis	2035	33	539.755589304555	51816.5365732373
Hydrogen_electrolysis	2035	34	539.755589304555	51816.5365732373
Hydrogen_electrolysis	2035	35	539.755589304555	51816.5365732373
Hydrogen_electrolysis	2035	36	539.755589304555	51816.5365732373
Hydrogen_electrolysis	2035	37	539.755589304555	51816.5365732373
Hydrogen_electrolysis	2040	1	1729.21052910398	166004.210793982
Hydrogen_electrolysis	2040	2	1729.21052910398	166004.210793982
Hydrogen_electrolysis	2040	3	1729.21052910398	166004.210793982
Hydrogen_electrolysis	2040	4	1729.21052910398	166004.210793982
Hydrogen_electrolysis	2040	5	1729.21052910398	166004.210793982
Hydrogen_electrolysis	2040	6	1729.21052910398	166004.210793982
Hydrogen_electrolysis	2040	7	1729.21052910398	166004.210793982
Hydrogen_electrolysis	2040	8	1729.21052910398	166004.210793982
Hydrogen_electrolysis	2040	9	1729.21052910398	166004.210793982
Hydrogen_electrolysis	2040	10	1729.21052910398	166004.210793982
Hydrogen_electrolysis	2040	11	1729.21052910398	166004.210793982
Hydrogen_electrolysis	2040	12	1729.21052910398	166004.210793982
Hydrogen_electrolysis	2040	13	1729.21052910398	166004.210793982
Hydrogen_electrolysis	2040	14	1729.21052910398	166004.210793982
Hydrogen_electrolysis	2040	15	1729.21052910398	166004.210793982
Hydrogen_electrolysis	2040	16	1729.21052910398	166004.210793982
Hydrogen_electrolysis	2040	17	1729.21052910398	166004.210793982
Hydrogen_electrolysis	2040	18	1729.21052910398	166004.210793982
Hydrogen_electrolysis	2040	19	1729.21052910398	166004.210793982
Hydrogen_electrolysis	2040	20	1729.21052910398	166004.210793982
Hydrogen_electrolysis	2040	21	1729.21052910398	166004.210793982
Hydrogen_electrolysis	2040	22	1729.21052910398	166004.210793982
Hydrogen_electrolysis	2040	23	1729.21052910398	166004.210793982
Hydrogen_electrolysis	2040	24	1729.21052910398	166004.210793982
Hydrogen_electrolysis	2040	25	1729.21052910398	166004.210793982
Hydrogen_electrolysis	2040	26	1729.21052910398	166004.210793982
Hydrogen_electrolysis	2040	27	1729.21052910398	166004.210793982
Hydrogen_electrolysis	2040	28	1729.21052910398	166004.210793982
Hydrogen_electrolysis	2040	29	1729.21052910398	166004.210793982
Hydrogen_electrolysis	2040	30	1729.21052910398	166004.210793982
Hydrogen_electrolysis	2040	31	1729.21052910398	166004.210793982
Hydrogen_electrolysis	2040	32	1729.21052910398	166004.210793982
Hydrogen_electrolysis	2040	33	1729.21052910398	166004.210793982
Hydrogen_electrolysis	2040	34	1729.21052910398	166004.210793982
Hydrogen_electrolysis	2040	35	1729.21052910398	166004.210793982
Hydrogen_electrolysis	2040	36	1729.21052910398	166004.210793982
Hydrogen_electrolysis	2040	37	1729.21052910398	166004.210793982
Hydrogen_electrolysis	2045	1	2546.40743241148	244455.113511502
Hydrogen_electrolysis	2045	2	2546.40743241148	244455.113511502
Hydrogen_electrolysis	2045	3	2546.40743241148	244455.113511502
Hydrogen_electrolysis	2045	4	2546.40743241148	244455.113511502
Hydrogen_electrolysis	2045	5	2546.40743241148	244455.113511502
Hydrogen_electrolysis	2045	6	2546.40743241148	244455.113511502
Hydrogen_electrolysis	2045	7	2546.40743241148	244455.113511502
Hydrogen_electrolysis	2045	8	2546.40743241148	244455.113511502
Hydrogen_electrolysis	2045	9	2546.40743241148	244455.113511502
Hydrogen_electrolysis	2045	10	2546.40743241148	244455.113511502
Hydrogen_electrolysis	2045	11	2546.40743241148	244455.113511502
Hydrogen_electrolysis	2045	12	2546.40743241148	244455.113511502
Hydrogen_electrolysis	2045	13	2546.40743241148	244455.113511502
Hydrogen_electrolysis	2045	14	2546.40743241148	244455.113511502
Hydrogen_electrolysis	2045	15	2546.40743241148	244455.113511502
Hydrogen_electrolysis	2045	16	2546.40743241148	244455.113511502
Hydrogen_electrolysis	2045	17	2546.40743241148	244455.113511502
Hydrogen_electrolysis	2045	18	2546.40743241148	244455.113511502
Hydrogen_electrolysis	2045	19	2546.40743241148	244455.113511502
Hydrogen_electrolysis	2045	20	2546.40743241148	244455.113511502
Hydrogen_electrolysis	2045	21	2546.40743241148	244455.113511502
Hydrogen_electrolysis	2045	22	2546.40743241148	244455.113511502
Hydrogen_electrolysis	2045	23	2546.40743241148	244455.113511502
Hydrogen_electrolysis	2045	24	2546.40743241148	244455.113511502
Hydrogen_electrolysis	2045	25	2546.40743241148	244455.113511502
Hydrogen_electrolysis	2045	26	2546.40743241148	244455.113511502
Hydrogen_electrolysis	2045	27	2546.40743241148	244455.113511502
Hydrogen_electrolysis	2045	28	2546.40743241148	244455.113511502
Hydrogen_electrolysis	2045	29	2546.40743241148	244455.113511502
Hydrogen_electrolysis	2045	30	2546.40743241148	244455.113511502
Hydrogen_electrolysis	2045	31	2546.40743241148	244455.113511502
Hydrogen_electrolysis	2045	32	2546.40743241148	244455.113511502
Hydrogen_electrolysis	2045	33	2546.40743241148	244455.113511502
Hydrogen_electrolysis	2045	34	2546.40743241148	244455.113511502
Hydrogen_electrolysis	2045	35	2546.40743241148	244455.113511502
Hydrogen_electrolysis	2045	36	2546.40743241148	244455.113511502
Hydrogen_electrolysis	2045	37	2546.40743241148	244455.113511502
